 05-Oct-2006       (vang_036.da - 1.000 *Avrag00.dat) /  2.3000               
vang_036.dat  Conc = .23E+01  Mult = .10E+01  N1 =    1  N2 = 2156  SCALE =  1
 Avrag00.dat  Conc = .10E+01  Mult = .10E+01  N1 =    1  N2 = 2156  SCALE =  1
  0.203375E+00  0.174083E+03  0.178253E+01
  0.205652E+00  0.174313E+03  0.176467E+01
  0.207929E+00  0.169952E+03  0.168475E+01
  0.210205E+00  0.172965E+03  0.166420E+01
  0.212482E+00  0.171374E+03  0.160792E+01
  0.214758E+00  0.168752E+03  0.159632E+01
  0.217035E+00  0.169165E+03  0.157394E+01
  0.219312E+00  0.165943E+03  0.152632E+01
  0.221588E+00  0.166961E+03  0.151689E+01
  0.223865E+00  0.164852E+03  0.145561E+01
  0.226141E+00  0.165865E+03  0.145010E+01
  0.228418E+00  0.161165E+03  0.139812E+01
  0.230694E+00  0.163000E+03  0.138780E+01
  0.232971E+00  0.163317E+03  0.138765E+01
  0.235248E+00  0.164670E+03  0.132063E+01
  0.237524E+00  0.163535E+03  0.132685E+01
  0.239801E+00  0.160087E+03  0.127622E+01
  0.242077E+00  0.159800E+03  0.127874E+01
  0.244354E+00  0.157643E+03  0.125788E+01
  0.246631E+00  0.157196E+03  0.121584E+01
  0.248907E+00  0.155126E+03  0.121277E+01
  0.251184E+00  0.151543E+03  0.118608E+01
  0.253460E+00  0.152963E+03  0.116763E+01
  0.255737E+00  0.154948E+03  0.115897E+01
  0.258014E+00  0.153231E+03  0.111564E+01
  0.260290E+00  0.152899E+03  0.113481E+01
  0.262567E+00  0.151458E+03  0.109804E+01
  0.264843E+00  0.149163E+03  0.109213E+01
  0.267120E+00  0.150401E+03  0.105516E+01
  0.269396E+00  0.150294E+03  0.105376E+01
  0.271673E+00  0.149671E+03  0.104209E+01
  0.273950E+00  0.150775E+03  0.102196E+01
  0.276226E+00  0.147312E+03  0.101724E+01
  0.278503E+00  0.146022E+03  0.990389E+00
  0.280779E+00  0.145910E+03  0.996986E+00
  0.283056E+00  0.142605E+03  0.968670E+00
  0.285333E+00  0.141490E+03  0.956458E+00
  0.287609E+00  0.141301E+03  0.947392E+00
  0.289886E+00  0.140389E+03  0.931006E+00
  0.292162E+00  0.140461E+03  0.932336E+00
  0.294439E+00  0.139510E+03  0.916593E+00
  0.296715E+00  0.139192E+03  0.891557E+00
  0.298992E+00  0.139310E+03  0.900818E+00
  0.301269E+00  0.136381E+03  0.875214E+00
  0.303545E+00  0.135433E+03  0.888120E+00
  0.305822E+00  0.134599E+03  0.847927E+00
  0.308098E+00  0.133512E+03  0.863136E+00
  0.310375E+00  0.134015E+03  0.848647E+00
  0.312652E+00  0.132293E+03  0.827412E+00
  0.314928E+00  0.132273E+03  0.837788E+00
  0.317205E+00  0.130017E+03  0.809395E+00
  0.319481E+00  0.128291E+03  0.819863E+00
  0.321758E+00  0.128269E+03  0.805695E+00
  0.324035E+00  0.128409E+03  0.783908E+00
  0.326311E+00  0.124920E+03  0.790347E+00
  0.328588E+00  0.125499E+03  0.768958E+00
  0.330864E+00  0.124571E+03  0.780992E+00
  0.333141E+00  0.124012E+03  0.765834E+00
  0.335417E+00  0.121890E+03  0.747337E+00
  0.337694E+00  0.121640E+03  0.757678E+00
  0.339971E+00  0.120937E+03  0.742475E+00
  0.342247E+00  0.120184E+03  0.742114E+00
  0.344524E+00  0.121516E+03  0.718716E+00
  0.346800E+00  0.118602E+03  0.727015E+00
  0.349077E+00  0.117490E+03  0.722534E+00
  0.351354E+00  0.116650E+03  0.705605E+00
  0.353630E+00  0.115890E+03  0.707884E+00
  0.355907E+00  0.115576E+03  0.694358E+00
  0.358183E+00  0.115501E+03  0.700160E+00
  0.360460E+00  0.114976E+03  0.691391E+00
  0.362737E+00  0.114849E+03  0.675685E+00
  0.365013E+00  0.114614E+03  0.675009E+00
  0.367290E+00  0.112556E+03  0.666731E+00
  0.369566E+00  0.113309E+03  0.669987E+00
  0.371843E+00  0.111803E+03  0.658782E+00
  0.374119E+00  0.111242E+03  0.652770E+00
  0.376396E+00  0.109536E+03  0.651528E+00
  0.378673E+00  0.107511E+03  0.642375E+00
  0.380949E+00  0.107984E+03  0.642755E+00
  0.383226E+00  0.106228E+03  0.624669E+00
  0.385502E+00  0.106721E+03  0.631023E+00
  0.387779E+00  0.105660E+03  0.632887E+00
  0.390056E+00  0.106433E+03  0.616873E+00
  0.392332E+00  0.104546E+03  0.619383E+00
  0.394609E+00  0.103702E+03  0.604320E+00
  0.396885E+00  0.102629E+03  0.611347E+00
  0.399162E+00  0.102430E+03  0.600375E+00
  0.401438E+00  0.101489E+03  0.597843E+00
  0.403715E+00  0.100191E+03  0.594276E+00
  0.405992E+00  0.998996E+02  0.588631E+00
  0.408268E+00  0.981091E+02  0.589397E+00
  0.410545E+00  0.984526E+02  0.580938E+00
  0.412821E+00  0.981961E+02  0.574128E+00
  0.415098E+00  0.977422E+02  0.579362E+00
  0.417375E+00  0.962157E+02  0.571497E+00
  0.419651E+00  0.947730E+02  0.570286E+00
  0.421928E+00  0.951413E+02  0.555778E+00
  0.424204E+00  0.946843E+02  0.564759E+00
  0.426481E+00  0.937483E+02  0.559353E+00
  0.428758E+00  0.938317E+02  0.554855E+00
  0.431034E+00  0.934917E+02  0.551955E+00
  0.433311E+00  0.917148E+02  0.546730E+00
  0.435587E+00  0.904039E+02  0.545622E+00
  0.437864E+00  0.907461E+02  0.538463E+00
  0.440140E+00  0.894996E+02  0.537873E+00
  0.442417E+00  0.884061E+02  0.534743E+00
  0.444694E+00  0.878709E+02  0.534496E+00
  0.446970E+00  0.882287E+02  0.534969E+00
  0.449247E+00  0.869261E+02  0.522514E+00
  0.451523E+00  0.868383E+02  0.522387E+00
  0.453800E+00  0.867848E+02  0.521240E+00
  0.456077E+00  0.857626E+02  0.516923E+00
  0.458353E+00  0.836087E+02  0.517533E+00
  0.460630E+00  0.838539E+02  0.506220E+00
  0.462906E+00  0.828765E+02  0.512668E+00
  0.465183E+00  0.822278E+02  0.502307E+00
  0.467459E+00  0.823143E+02  0.507508E+00
  0.469736E+00  0.805787E+02  0.501864E+00
  0.472013E+00  0.820378E+02  0.497162E+00
  0.474289E+00  0.812170E+02  0.498819E+00
  0.476566E+00  0.800909E+02  0.490245E+00
  0.478842E+00  0.807778E+02  0.494608E+00
  0.481119E+00  0.798617E+02  0.490346E+00
  0.483396E+00  0.780578E+02  0.482770E+00
  0.485672E+00  0.772913E+02  0.487318E+00
  0.487949E+00  0.772926E+02  0.480301E+00
  0.490225E+00  0.774361E+02  0.479844E+00
  0.492502E+00  0.784335E+02  0.479540E+00
  0.494779E+00  0.771670E+02  0.474469E+00
  0.497055E+00  0.761770E+02  0.475058E+00
  0.499332E+00  0.755887E+02  0.466848E+00
  0.501608E+00  0.738470E+02  0.472200E+00
  0.503885E+00  0.735339E+02  0.466425E+00
  0.506161E+00  0.729970E+02  0.462880E+00
  0.508438E+00  0.716748E+02  0.461178E+00
  0.510715E+00  0.719548E+02  0.459418E+00
  0.512991E+00  0.719383E+02  0.459202E+00
  0.515268E+00  0.710470E+02  0.453784E+00
  0.517544E+00  0.708691E+02  0.456058E+00
  0.519821E+00  0.707739E+02  0.452870E+00
  0.522098E+00  0.699704E+02  0.450912E+00
  0.524374E+00  0.689752E+02  0.448947E+00
  0.526651E+00  0.683426E+02  0.443534E+00
  0.528927E+00  0.672035E+02  0.442850E+00
  0.531204E+00  0.680565E+02  0.443236E+00
  0.533480E+00  0.673252E+02  0.440278E+00
  0.535757E+00  0.673213E+02  0.439871E+00
  0.538034E+00  0.660226E+02  0.432951E+00
  0.540310E+00  0.654465E+02  0.439780E+00
  0.542587E+00  0.654178E+02  0.430335E+00
  0.544863E+00  0.653087E+02  0.433463E+00
  0.547140E+00  0.651678E+02  0.427888E+00
  0.549417E+00  0.648361E+02  0.426311E+00
  0.551693E+00  0.637374E+02  0.430437E+00
  0.553970E+00  0.632400E+02  0.421090E+00
  0.556246E+00  0.626087E+02  0.424828E+00
  0.558523E+00  0.626848E+02  0.420015E+00
  0.560800E+00  0.620387E+02  0.419374E+00
  0.563076E+00  0.613939E+02  0.420835E+00
  0.565353E+00  0.605174E+02  0.411335E+00
  0.567629E+00  0.601391E+02  0.415590E+00
  0.569906E+00  0.595339E+02  0.411948E+00
  0.572182E+00  0.592074E+02  0.412257E+00
  0.574459E+00  0.591526E+02  0.411538E+00
  0.576736E+00  0.579817E+02  0.402843E+00
  0.579012E+00  0.576804E+02  0.410272E+00
  0.581289E+00  0.572978E+02  0.400862E+00
  0.583565E+00  0.563861E+02  0.404339E+00
  0.585842E+00  0.564743E+02  0.400009E+00
  0.588119E+00  0.568561E+02  0.399857E+00
  0.590395E+00  0.566387E+02  0.400850E+00
  0.592672E+00  0.550526E+02  0.394781E+00
  0.594948E+00  0.548757E+02  0.395860E+00
  0.597225E+00  0.550383E+02  0.393444E+00
  0.599502E+00  0.545943E+02  0.393986E+00
  0.601778E+00  0.537374E+02  0.391965E+00
  0.604055E+00  0.539430E+02  0.388180E+00
  0.606331E+00  0.536948E+02  0.388183E+00
  0.608608E+00  0.529722E+02  0.388027E+00
  0.610884E+00  0.527239E+02  0.387888E+00
  0.613161E+00  0.519991E+02  0.385534E+00
  0.615438E+00  0.518539E+02  0.380690E+00
  0.617714E+00  0.512457E+02  0.384890E+00
  0.619991E+00  0.510630E+02  0.376803E+00
  0.622267E+00  0.505817E+02  0.378941E+00
  0.624544E+00  0.504683E+02  0.376418E+00
  0.626821E+00  0.491557E+02  0.376572E+00
  0.629097E+00  0.487726E+02  0.376725E+00
  0.631374E+00  0.487774E+02  0.370733E+00
  0.633650E+00  0.493757E+02  0.373848E+00
  0.635927E+00  0.488213E+02  0.370349E+00
  0.638203E+00  0.478109E+02  0.370534E+00
  0.640480E+00  0.465491E+02  0.369659E+00
  0.642757E+00  0.466874E+02  0.365975E+00
  0.645033E+00  0.465400E+02  0.367025E+00
  0.647310E+00  0.462343E+02  0.364413E+00
  0.649586E+00  0.460822E+02  0.363771E+00
  0.651863E+00  0.460843E+02  0.362875E+00
  0.654140E+00  0.458087E+02  0.359865E+00
  0.656416E+00  0.455352E+02  0.363112E+00
  0.658693E+00  0.453243E+02  0.357662E+00
  0.660969E+00  0.441004E+02  0.357722E+00
  0.663246E+00  0.443113E+02  0.355307E+00
  0.665523E+00  0.445722E+02  0.357025E+00
  0.667799E+00  0.435226E+02  0.355431E+00
  0.670076E+00  0.436683E+02  0.352806E+00
  0.672352E+00  0.435096E+02  0.353962E+00
  0.674629E+00  0.429448E+02  0.347667E+00
  0.676905E+00  0.420652E+02  0.352552E+00
  0.679182E+00  0.415035E+02  0.347181E+00
  0.681459E+00  0.416478E+02  0.347649E+00
  0.683735E+00  0.414426E+02  0.348063E+00
  0.686012E+00  0.405239E+02  0.345073E+00
  0.688288E+00  0.407052E+02  0.346581E+00
  0.690565E+00  0.404548E+02  0.340854E+00
  0.692842E+00  0.402422E+02  0.342148E+00
  0.695118E+00  0.394409E+02  0.341842E+00
  0.697395E+00  0.398430E+02  0.339427E+00
  0.699671E+00  0.396396E+02  0.341506E+00
  0.701948E+00  0.390230E+02  0.334481E+00
  0.704224E+00  0.386422E+02  0.339549E+00
  0.706501E+00  0.381200E+02  0.336947E+00
  0.708778E+00  0.383322E+02  0.334037E+00
  0.711054E+00  0.380857E+02  0.335807E+00
  0.713331E+00  0.376178E+02  0.330008E+00
  0.715607E+00  0.374996E+02  0.333529E+00
  0.717884E+00  0.374100E+02  0.331003E+00
  0.720161E+00  0.370543E+02  0.329429E+00
  0.722437E+00  0.368461E+02  0.329861E+00
  0.724714E+00  0.364596E+02  0.328712E+00
  0.726990E+00  0.355230E+02  0.328908E+00
  0.729267E+00  0.354865E+02  0.323451E+00
  0.731544E+00  0.355474E+02  0.324498E+00
  0.733820E+00  0.359330E+02  0.326348E+00
  0.736097E+00  0.353683E+02  0.321555E+00
  0.738373E+00  0.348991E+02  0.325498E+00
  0.740650E+00  0.349257E+02  0.317672E+00
  0.742926E+00  0.346117E+02  0.322603E+00
  0.745203E+00  0.337943E+02  0.319762E+00
  0.747480E+00  0.338635E+02  0.319408E+00
  0.749756E+00  0.331939E+02  0.317276E+00
  0.752033E+00  0.331830E+02  0.316364E+00
  0.754309E+00  0.326661E+02  0.316973E+00
  0.756586E+00  0.331348E+02  0.315454E+00
  0.758863E+00  0.330200E+02  0.312768E+00
  0.761139E+00  0.320461E+02  0.314529E+00
  0.763416E+00  0.322257E+02  0.312089E+00
  0.765692E+00  0.313335E+02  0.313298E+00
  0.767969E+00  0.316622E+02  0.308456E+00
  0.770245E+00  0.311930E+02  0.310408E+00
  0.772522E+00  0.309661E+02  0.309349E+00
  0.774799E+00  0.307874E+02  0.307011E+00
  0.777075E+00  0.308783E+02  0.309734E+00
  0.779352E+00  0.303696E+02  0.303786E+00
  0.781628E+00  0.303835E+02  0.308034E+00
  0.783905E+00  0.302057E+02  0.303300E+00
  0.786182E+00  0.295061E+02  0.303574E+00
  0.788458E+00  0.292826E+02  0.303917E+00
  0.790735E+00  0.287600E+02  0.300877E+00
  0.793011E+00  0.287674E+02  0.304244E+00
  0.795288E+00  0.288996E+02  0.298877E+00
  0.797565E+00  0.291830E+02  0.300320E+00
  0.799841E+00  0.285761E+02  0.299777E+00
  0.802118E+00  0.276609E+02  0.297723E+00
  0.804394E+00  0.273817E+02  0.299260E+00
  0.806671E+00  0.269296E+02  0.292516E+00
  0.808947E+00  0.273509E+02  0.296074E+00
  0.811224E+00  0.274748E+02  0.296535E+00
  0.813501E+00  0.267909E+02  0.293390E+00
  0.815777E+00  0.264970E+02  0.293982E+00
  0.818054E+00  0.270843E+02  0.291784E+00
  0.820330E+00  0.271039E+02  0.293377E+00
  0.822607E+00  0.262691E+02  0.290903E+00
  0.824884E+00  0.260691E+02  0.289670E+00
  0.827160E+00  0.258735E+02  0.289446E+00
  0.829437E+00  0.253535E+02  0.287333E+00
  0.831713E+00  0.256387E+02  0.291283E+00
  0.833990E+00  0.254317E+02  0.286335E+00
  0.836267E+00  0.248817E+02  0.286952E+00
  0.838543E+00  0.244348E+02  0.286608E+00
  0.840820E+00  0.245513E+02  0.285053E+00
  0.843096E+00  0.245383E+02  0.285265E+00
  0.845373E+00  0.246126E+02  0.282729E+00
  0.847649E+00  0.243339E+02  0.284986E+00
  0.849926E+00  0.244039E+02  0.283345E+00
  0.852203E+00  0.246835E+02  0.283904E+00
  0.854479E+00  0.240865E+02  0.283013E+00
  0.856756E+00  0.236635E+02  0.280232E+00
  0.859032E+00  0.232704E+02  0.282054E+00
  0.861309E+00  0.227943E+02  0.278428E+00
  0.863586E+00  0.233883E+02  0.280493E+00
  0.865862E+00  0.228617E+02  0.278737E+00
  0.868139E+00  0.231487E+02  0.277894E+00
  0.870415E+00  0.231726E+02  0.279017E+00
  0.872692E+00  0.229178E+02  0.275697E+00
  0.874968E+00  0.228196E+02  0.275623E+00
  0.877245E+00  0.226335E+02  0.276005E+00
  0.879522E+00  0.226561E+02  0.275076E+00
  0.881798E+00  0.221557E+02  0.275449E+00
  0.884075E+00  0.222517E+02  0.273109E+00
  0.886351E+00  0.219074E+02  0.274587E+00
  0.888628E+00  0.219170E+02  0.273579E+00
  0.890905E+00  0.221670E+02  0.272950E+00
  0.893181E+00  0.212183E+02  0.272747E+00
  0.895458E+00  0.208439E+02  0.269892E+00
  0.897734E+00  0.208278E+02  0.272261E+00
  0.900011E+00  0.208417E+02  0.269259E+00
  0.902288E+00  0.204591E+02  0.271299E+00
  0.904564E+00  0.204809E+02  0.268051E+00
  0.906841E+00  0.206757E+02  0.268900E+00
  0.909117E+00  0.204078E+02  0.270279E+00
  0.911394E+00  0.198609E+02  0.267342E+00
  0.913670E+00  0.200117E+02  0.269491E+00
  0.915947E+00  0.194739E+02  0.264266E+00
  0.918224E+00  0.194496E+02  0.268491E+00
  0.920500E+00  0.194052E+02  0.265315E+00
  0.922777E+00  0.194004E+02  0.264574E+00
  0.925053E+00  0.191796E+02  0.267868E+00
  0.927330E+00  0.190530E+02  0.263413E+00
  0.929607E+00  0.189852E+02  0.265223E+00
  0.931883E+00  0.194513E+02  0.263848E+00
  0.934160E+00  0.191148E+02  0.262510E+00
  0.936436E+00  0.187478E+02  0.265227E+00
  0.938713E+00  0.182752E+02  0.260444E+00
  0.940989E+00  0.181183E+02  0.263432E+00
  0.943266E+00  0.182670E+02  0.260416E+00
  0.945543E+00  0.182500E+02  0.261254E+00
  0.947819E+00  0.184813E+02  0.262509E+00
  0.950096E+00  0.181078E+02  0.259326E+00
  0.952372E+00  0.180322E+02  0.261192E+00
  0.954649E+00  0.180135E+02  0.257752E+00
  0.956926E+00  0.177161E+02  0.259693E+00
  0.959202E+00  0.173422E+02  0.258859E+00
  0.961479E+00  0.167517E+02  0.256681E+00
  0.963755E+00  0.169061E+02  0.259076E+00
  0.966032E+00  0.172317E+02  0.257050E+00
  0.968309E+00  0.172683E+02  0.256498E+00
  0.970585E+00  0.173113E+02  0.256039E+00
  0.972862E+00  0.173817E+02  0.255368E+00
  0.975138E+00  0.171917E+02  0.257218E+00
  0.977415E+00  0.166487E+02  0.254978E+00
  0.979691E+00  0.161322E+02  0.255525E+00
  0.981968E+00  0.160417E+02  0.252665E+00
  0.984245E+00  0.161791E+02  0.254451E+00
  0.986521E+00  0.166809E+02  0.254929E+00
  0.988798E+00  0.165570E+02  0.252042E+00
  0.991074E+00  0.162300E+02  0.253485E+00
  0.993351E+00  0.167304E+02  0.251366E+00
  0.995628E+00  0.159674E+02  0.253235E+00
  0.997904E+00  0.154057E+02  0.252187E+00
  0.100018E+01  0.152443E+02  0.249494E+00
  0.100246E+01  0.159339E+02  0.252331E+00
  0.100473E+01  0.160700E+02  0.249975E+00
  0.100701E+01  0.158939E+02  0.251569E+00
  0.100929E+01  0.151996E+02  0.249049E+00
  0.101156E+01  0.155061E+02  0.248717E+00
  0.101384E+01  0.153617E+02  0.249596E+00
  0.101612E+01  0.151426E+02  0.247302E+00
  0.101839E+01  0.151139E+02  0.250897E+00
  0.102067E+01  0.152139E+02  0.246970E+00
  0.102295E+01  0.149530E+02  0.248325E+00
  0.102522E+01  0.141126E+02  0.247073E+00
  0.102750E+01  0.143248E+02  0.245393E+00
  0.102978E+01  0.143230E+02  0.247313E+00
  0.103205E+01  0.143448E+02  0.245435E+00
  0.103433E+01  0.143261E+02  0.246776E+00
  0.103661E+01  0.142987E+02  0.244572E+00
  0.103888E+01  0.139713E+02  0.243812E+00
  0.104116E+01  0.137061E+02  0.245800E+00
  0.104344E+01  0.139509E+02  0.244076E+00
  0.104571E+01  0.139926E+02  0.244405E+00
  0.104799E+01  0.134670E+02  0.243588E+00
  0.105027E+01  0.134543E+02  0.243407E+00
  0.105254E+01  0.131874E+02  0.243433E+00
  0.105482E+01  0.135230E+02  0.242655E+00
  0.105710E+01  0.137522E+02  0.242563E+00
  0.105937E+01  0.130791E+02  0.239672E+00
  0.106165E+01  0.132770E+02  0.242832E+00
  0.106393E+01  0.135422E+02  0.241768E+00
  0.106620E+01  0.135504E+02  0.240269E+00
  0.106848E+01  0.130161E+02  0.239816E+00
  0.107075E+01  0.127470E+02  0.240019E+00
  0.107303E+01  0.129974E+02  0.241354E+00
  0.107531E+01  0.127613E+02  0.239413E+00
  0.107758E+01  0.130674E+02  0.239005E+00
  0.107986E+01  0.134465E+02  0.239345E+00
  0.108214E+01  0.129826E+02  0.238710E+00
  0.108441E+01  0.126509E+02  0.238823E+00
  0.108669E+01  0.129491E+02  0.236630E+00
  0.108897E+01  0.129383E+02  0.238455E+00
  0.109124E+01  0.124117E+02  0.238417E+00
  0.109352E+01  0.120457E+02  0.236481E+00
  0.109580E+01  0.120730E+02  0.237175E+00
  0.109807E+01  0.121530E+02  0.235194E+00
  0.110035E+01  0.118248E+02  0.237338E+00
  0.110263E+01  0.120004E+02  0.235824E+00
  0.110490E+01  0.118883E+02  0.234995E+00
  0.110718E+01  0.115865E+02  0.235041E+00
  0.110946E+01  0.116235E+02  0.233704E+00
  0.111173E+01  0.118648E+02  0.236705E+00
  0.111401E+01  0.116200E+02  0.233179E+00
  0.111629E+01  0.119761E+02  0.234103E+00
  0.111856E+01  0.117943E+02  0.234676E+00
  0.112084E+01  0.116296E+02  0.232428E+00
  0.112312E+01  0.116078E+02  0.234424E+00
  0.112539E+01  0.117022E+02  0.231265E+00
  0.112767E+01  0.113483E+02  0.233323E+00
  0.112995E+01  0.115078E+02  0.232584E+00
  0.113222E+01  0.113343E+02  0.231908E+00
  0.113450E+01  0.114130E+02  0.232090E+00
  0.113678E+01  0.116026E+02  0.229974E+00
  0.113905E+01  0.114943E+02  0.232924E+00
  0.114133E+01  0.111596E+02  0.230367E+00
  0.114361E+01  0.108774E+02  0.231175E+00
  0.114588E+01  0.109165E+02  0.229818E+00
  0.114816E+01  0.106609E+02  0.229854E+00
  0.115044E+01  0.108143E+02  0.230928E+00
  0.115271E+01  0.107783E+02  0.228269E+00
  0.115499E+01  0.109070E+02  0.229918E+00
  0.115727E+01  0.110174E+02  0.228857E+00
  0.115954E+01  0.108313E+02  0.228411E+00
  0.116182E+01  0.111326E+02  0.230002E+00
  0.116409E+01  0.106161E+02  0.226571E+00
  0.116637E+01  0.107761E+02  0.228674E+00
  0.116865E+01  0.107343E+02  0.228177E+00
  0.117092E+01  0.100365E+02  0.226589E+00
  0.117320E+01  0.992348E+01  0.227957E+00
  0.117548E+01  0.104870E+02  0.224737E+00
  0.117775E+01  0.102939E+02  0.228475E+00
  0.118003E+01  0.100735E+02  0.224512E+00
  0.118231E+01  0.980391E+01  0.226947E+00
  0.118458E+01  0.983087E+01  0.226016E+00
  0.118686E+01  0.970435E+01  0.225338E+00
  0.118914E+01  0.997348E+01  0.227028E+00
  0.119141E+01  0.102748E+02  0.223751E+00
  0.119369E+01  0.992913E+01  0.224887E+00
  0.119597E+01  0.987913E+01  0.225533E+00
  0.119824E+01  0.965478E+01  0.225749E+00
  0.120052E+01  0.964739E+01  0.227128E+00
  0.120280E+01  0.946217E+01  0.226454E+00
  0.120507E+01  0.963043E+01  0.227793E+00
  0.120735E+01  0.951043E+01  0.226302E+00
  0.120963E+01  0.939870E+01  0.227052E+00
  0.121190E+01  0.901217E+01  0.227362E+00
  0.121418E+01  0.922043E+01  0.225681E+00
  0.121646E+01  0.972522E+01  0.228821E+00
  0.121873E+01  0.928391E+01  0.226778E+00
  0.122101E+01  0.938522E+01  0.227495E+00
  0.122329E+01  0.948565E+01  0.228174E+00
  0.122556E+01  0.923696E+01  0.227364E+00
  0.122784E+01  0.896739E+01  0.228090E+00
  0.123012E+01  0.931348E+01  0.227062E+00
  0.123239E+01  0.927696E+01  0.227792E+00
  0.123467E+01  0.925609E+01  0.227518E+00
  0.123695E+01  0.940217E+01  0.228189E+00
  0.123922E+01  0.960043E+01  0.228125E+00
  0.124150E+01  0.943391E+01  0.226427E+00
  0.124378E+01  0.874870E+01  0.229115E+00
  0.124605E+01  0.861391E+01  0.226397E+00
  0.124833E+01  0.875435E+01  0.228203E+00
  0.125061E+01  0.917087E+01  0.227492E+00
  0.125288E+01  0.890652E+01  0.226602E+00
  0.125516E+01  0.858870E+01  0.229741E+00
  0.125744E+01  0.858130E+01  0.226944E+00
  0.125971E+01  0.904478E+01  0.227985E+00
  0.126199E+01  0.900696E+01  0.227468E+00
  0.126426E+01  0.868478E+01  0.227586E+00
  0.126654E+01  0.820261E+01  0.227886E+00
  0.126882E+01  0.841478E+01  0.225893E+00
  0.127109E+01  0.835565E+01  0.227798E+00
  0.127337E+01  0.860609E+01  0.227126E+00
  0.127565E+01  0.836913E+01  0.228096E+00
  0.127792E+01  0.816043E+01  0.227070E+00
  0.128020E+01  0.810565E+01  0.226093E+00
  0.128248E+01  0.825391E+01  0.227783E+00
  0.128475E+01  0.821261E+01  0.226722E+00
  0.128703E+01  0.784826E+01  0.227819E+00
  0.128931E+01  0.820391E+01  0.226189E+00
  0.129158E+01  0.815870E+01  0.226522E+00
  0.129386E+01  0.845870E+01  0.227428E+00
  0.129614E+01  0.800783E+01  0.226414E+00
  0.129841E+01  0.800783E+01  0.227104E+00
  0.130069E+01  0.804087E+01  0.225834E+00
  0.130297E+01  0.832174E+01  0.227469E+00
  0.130524E+01  0.823565E+01  0.226583E+00
  0.130752E+01  0.823652E+01  0.226311E+00
  0.130980E+01  0.828304E+01  0.226141E+00
  0.131207E+01  0.827870E+01  0.226375E+00
  0.131435E+01  0.817174E+01  0.227119E+00
  0.131663E+01  0.818826E+01  0.226129E+00
  0.131890E+01  0.765739E+01  0.225448E+00
  0.132118E+01  0.728261E+01  0.226980E+00
  0.132346E+01  0.765696E+01  0.225649E+00
  0.132573E+01  0.764652E+01  0.225990E+00
  0.132801E+01  0.792522E+01  0.224866E+00
  0.133029E+01  0.765043E+01  0.226838E+00
  0.133256E+01  0.778957E+01  0.226514E+00
  0.133484E+01  0.752913E+01  0.225038E+00
  0.133712E+01  0.740043E+01  0.226314E+00
  0.133939E+01  0.734522E+01  0.224449E+00
  0.134167E+01  0.712435E+01  0.226443E+00
  0.134395E+01  0.738913E+01  0.226081E+00
  0.134622E+01  0.722522E+01  0.224256E+00
  0.134850E+01  0.740826E+01  0.226449E+00
  0.135078E+01  0.698087E+01  0.223741E+00
  0.135305E+01  0.668696E+01  0.225873E+00
  0.135533E+01  0.740130E+01  0.224962E+00
  0.135760E+01  0.771348E+01  0.224008E+00
  0.135988E+01  0.698348E+01  0.226158E+00
  0.136216E+01  0.751826E+01  0.223289E+00
  0.136443E+01  0.708957E+01  0.226097E+00
  0.136671E+01  0.708870E+01  0.222683E+00
  0.136899E+01  0.665435E+01  0.224755E+00
  0.137126E+01  0.644174E+01  0.225703E+00
  0.137354E+01  0.701478E+01  0.223114E+00
  0.137582E+01  0.727826E+01  0.225519E+00
  0.137809E+01  0.684609E+01  0.223186E+00
  0.138037E+01  0.716913E+01  0.226034E+00
  0.138265E+01  0.684565E+01  0.224308E+00
  0.138492E+01  0.699870E+01  0.223057E+00
  0.138720E+01  0.700870E+01  0.225141E+00
  0.138948E+01  0.695043E+01  0.222896E+00
  0.139175E+01  0.658652E+01  0.225099E+00
  0.139403E+01  0.650261E+01  0.222818E+00
  0.139631E+01  0.670391E+01  0.223211E+00
  0.139858E+01  0.662000E+01  0.224734E+00
  0.140086E+01  0.662348E+01  0.222112E+00
  0.140314E+01  0.621870E+01  0.224056E+00
  0.140541E+01  0.661739E+01  0.222317E+00
  0.140769E+01  0.662739E+01  0.223623E+00
  0.140997E+01  0.744739E+01  0.224648E+00
  0.141224E+01  0.707609E+01  0.222004E+00
  0.141452E+01  0.678870E+01  0.223784E+00
  0.141680E+01  0.687609E+01  0.221460E+00
  0.141907E+01  0.660609E+01  0.223577E+00
  0.142135E+01  0.619522E+01  0.222858E+00
  0.142363E+01  0.629217E+01  0.221050E+00
  0.142590E+01  0.609217E+01  0.223909E+00
  0.142818E+01  0.660870E+01  0.222100E+00
  0.143046E+01  0.648130E+01  0.222705E+00
  0.143273E+01  0.581870E+01  0.221518E+00
  0.143501E+01  0.599391E+01  0.221268E+00
  0.143729E+01  0.623304E+01  0.223218E+00
  0.143956E+01  0.651522E+01  0.221489E+00
  0.144184E+01  0.651565E+01  0.222966E+00
  0.144412E+01  0.609087E+01  0.221410E+00
  0.144639E+01  0.651043E+01  0.221509E+00
  0.144867E+01  0.590261E+01  0.222453E+00
  0.145094E+01  0.607348E+01  0.220667E+00
  0.145322E+01  0.588783E+01  0.221762E+00
  0.145550E+01  0.596130E+01  0.220432E+00
  0.145777E+01  0.568304E+01  0.221976E+00
  0.146005E+01  0.597739E+01  0.221057E+00
  0.146233E+01  0.596435E+01  0.221630E+00
  0.146460E+01  0.603261E+01  0.221940E+00
  0.146688E+01  0.648957E+01  0.220644E+00
  0.146916E+01  0.629826E+01  0.221808E+00
  0.147143E+01  0.622913E+01  0.219765E+00
  0.147371E+01  0.573174E+01  0.220608E+00
  0.147599E+01  0.590043E+01  0.221557E+00
  0.147826E+01  0.584870E+01  0.219817E+00
  0.148054E+01  0.592478E+01  0.221554E+00
  0.148282E+01  0.576130E+01  0.218604E+00
  0.148509E+01  0.578130E+01  0.221865E+00
  0.148737E+01  0.566261E+01  0.220156E+00
  0.148965E+01  0.573478E+01  0.220269E+00
  0.149192E+01  0.555957E+01  0.220060E+00
  0.149420E+01  0.557739E+01  0.219082E+00
  0.149648E+01  0.564870E+01  0.221402E+00
  0.149875E+01  0.582304E+01  0.218147E+00
  0.150103E+01  0.557783E+01  0.220365E+00
  0.150331E+01  0.584478E+01  0.219809E+00
  0.150558E+01  0.579435E+01  0.219653E+00
  0.150786E+01  0.617609E+01  0.219926E+00
  0.151014E+01  0.584435E+01  0.218081E+00
  0.151241E+01  0.551652E+01  0.219696E+00
  0.151469E+01  0.573652E+01  0.219874E+00
  0.151697E+01  0.585391E+01  0.218343E+00
  0.151924E+01  0.593696E+01  0.219863E+00
  0.152152E+01  0.571130E+01  0.217069E+00
  0.152380E+01  0.544522E+01  0.220456E+00
  0.152607E+01  0.596087E+01  0.218777E+00
  0.152835E+01  0.570826E+01  0.219022E+00
  0.153063E+01  0.551609E+01  0.218436E+00
  0.153290E+01  0.555696E+01  0.218312E+00
  0.153518E+01  0.570261E+01  0.220223E+00
  0.153746E+01  0.571826E+01  0.217524E+00
  0.153973E+01  0.557739E+01  0.219052E+00
  0.154201E+01  0.544783E+01  0.218060E+00
  0.154428E+01  0.556652E+01  0.217511E+00
  0.154656E+01  0.577652E+01  0.219852E+00
  0.154884E+01  0.593435E+01  0.216683E+00
  0.155111E+01  0.578217E+01  0.219307E+00
  0.155339E+01  0.550348E+01  0.217633E+00
  0.155567E+01  0.546087E+01  0.218083E+00
  0.155794E+01  0.571522E+01  0.219034E+00
  0.156022E+01  0.545000E+01  0.216485E+00
  0.156250E+01  0.500696E+01  0.218295E+00
  0.156477E+01  0.534304E+01  0.216739E+00
  0.156705E+01  0.510522E+01  0.217409E+00
  0.156933E+01  0.531478E+01  0.217296E+00
  0.157160E+01  0.521957E+01  0.217021E+00
  0.157388E+01  0.512652E+01  0.219043E+00
  0.157616E+01  0.522870E+01  0.215771E+00
  0.157843E+01  0.514609E+01  0.217255E+00
  0.158071E+01  0.507000E+01  0.217777E+00
  0.158299E+01  0.490087E+01  0.216008E+00
  0.158526E+01  0.478174E+01  0.217647E+00
  0.158754E+01  0.545522E+01  0.215063E+00
  0.158982E+01  0.550913E+01  0.217753E+00
  0.159209E+01  0.515522E+01  0.216611E+00
  0.159437E+01  0.537391E+01  0.216671E+00
  0.159665E+01  0.494217E+01  0.217029E+00
  0.159892E+01  0.464217E+01  0.215597E+00
  0.160120E+01  0.497174E+01  0.217757E+00
  0.160348E+01  0.486913E+01  0.215611E+00
  0.160575E+01  0.518261E+01  0.215922E+00
  0.160803E+01  0.550000E+01  0.216483E+00
  0.161031E+01  0.539913E+01  0.215660E+00
  0.161258E+01  0.479043E+01  0.216851E+00
  0.161486E+01  0.463478E+01  0.214428E+00
  0.161714E+01  0.479522E+01  0.216281E+00
  0.161941E+01  0.480913E+01  0.214938E+00
  0.162169E+01  0.458609E+01  0.215825E+00
  0.162397E+01  0.472826E+01  0.215646E+00
  0.162624E+01  0.471174E+01  0.214298E+00
  0.162852E+01  0.457826E+01  0.216374E+00
  0.163080E+01  0.524304E+01  0.214793E+00
  0.163307E+01  0.527739E+01  0.215521E+00
  0.163535E+01  0.474739E+01  0.215444E+00
  0.163762E+01  0.447957E+01  0.213664E+00
  0.163990E+01  0.506870E+01  0.216190E+00
  0.164218E+01  0.521739E+01  0.213117E+00
  0.164445E+01  0.526565E+01  0.215662E+00
  0.164673E+01  0.482174E+01  0.213764E+00
  0.164901E+01  0.467783E+01  0.215639E+00
  0.165128E+01  0.466435E+01  0.215469E+00
  0.165356E+01  0.447696E+01  0.212863E+00
  0.165584E+01  0.466478E+01  0.214906E+00
  0.165811E+01  0.455435E+01  0.213470E+00
  0.166039E+01  0.453826E+01  0.214891E+00
  0.166267E+01  0.420609E+01  0.213530E+00
  0.166494E+01  0.433000E+01  0.213366E+00
  0.166722E+01  0.457609E+01  0.215081E+00
  0.166950E+01  0.468826E+01  0.213305E+00
  0.167177E+01  0.418609E+01  0.213712E+00
  0.167405E+01  0.446565E+01  0.213679E+00
  0.167633E+01  0.470304E+01  0.212607E+00
  0.167860E+01  0.482609E+01  0.214447E+00
  0.168088E+01  0.442739E+01  0.213669E+00
  0.168316E+01  0.460565E+01  0.213476E+00
  0.168543E+01  0.421870E+01  0.212778E+00
  0.168771E+01  0.405565E+01  0.212819E+00
  0.168999E+01  0.444304E+01  0.212997E+00
  0.169226E+01  0.446304E+01  0.213086E+00
  0.169454E+01  0.404696E+01  0.212735E+00
  0.169682E+01  0.424435E+01  0.213026E+00
  0.169909E+01  0.398870E+01  0.212777E+00
  0.170137E+01  0.411000E+01  0.211853E+00
  0.170365E+01  0.482957E+01  0.212597E+00
  0.170592E+01  0.486348E+01  0.213635E+00
  0.170820E+01  0.460130E+01  0.212838E+00
  0.171048E+01  0.452696E+01  0.212938E+00
  0.171275E+01  0.426957E+01  0.211537E+00
  0.171503E+01  0.413696E+01  0.212279E+00
  0.171731E+01  0.402391E+01  0.212122E+00
  0.171958E+01  0.441652E+01  0.211842E+00
  0.172186E+01  0.464000E+01  0.213001E+00
  0.172414E+01  0.416913E+01  0.210427E+00
  0.172641E+01  0.405609E+01  0.212734E+00
  0.172869E+01  0.448652E+01  0.211366E+00
  0.173097E+01  0.452870E+01  0.212023E+00
  0.173324E+01  0.388304E+01  0.211912E+00
  0.173552E+01  0.358522E+01  0.210924E+00
  0.173779E+01  0.370478E+01  0.212084E+00
  0.174007E+01  0.379870E+01  0.210604E+00
  0.174235E+01  0.421174E+01  0.211667E+00
  0.174462E+01  0.432565E+01  0.211389E+00
  0.174690E+01  0.382826E+01  0.211233E+00
  0.174918E+01  0.378652E+01  0.211699E+00
  0.175145E+01  0.384000E+01  0.209493E+00
  0.175373E+01  0.378609E+01  0.211147E+00
  0.175601E+01  0.362261E+01  0.210890E+00
  0.175828E+01  0.387913E+01  0.211271E+00
  0.176056E+01  0.395000E+01  0.211181E+00
  0.176284E+01  0.355043E+01  0.209264E+00
  0.176511E+01  0.349609E+01  0.211652E+00
  0.176739E+01  0.360435E+01  0.209265E+00
  0.176967E+01  0.392826E+01  0.210423E+00
  0.177194E+01  0.409348E+01  0.210778E+00
  0.177422E+01  0.395000E+01  0.210100E+00
  0.177650E+01  0.405957E+01  0.211425E+00
  0.177877E+01  0.387000E+01  0.209719E+00
  0.178105E+01  0.396435E+01  0.210038E+00
  0.178333E+01  0.381261E+01  0.210083E+00
  0.178560E+01  0.405000E+01  0.210922E+00
  0.178788E+01  0.419870E+01  0.210677E+00
  0.179016E+01  0.408826E+01  0.208428E+00
  0.179243E+01  0.363261E+01  0.209805E+00
  0.179471E+01  0.328391E+01  0.209735E+00
  0.179699E+01  0.324174E+01  0.209421E+00
  0.179926E+01  0.371913E+01  0.210492E+00
  0.180154E+01  0.394435E+01  0.208291E+00
  0.180382E+01  0.423522E+01  0.210102E+00
  0.180609E+01  0.396391E+01  0.209016E+00
  0.180837E+01  0.345304E+01  0.208408E+00
  0.181065E+01  0.379130E+01  0.209440E+00
  0.181292E+01  0.355261E+01  0.208678E+00
  0.181520E+01  0.350043E+01  0.210382E+00
  0.181748E+01  0.363609E+01  0.208023E+00
  0.181975E+01  0.351304E+01  0.208531E+00
  0.182203E+01  0.360609E+01  0.208766E+00
  0.182431E+01  0.353783E+01  0.209110E+00
  0.182658E+01  0.365087E+01  0.209543E+00
  0.182886E+01  0.430522E+01  0.208218E+00
  0.183113E+01  0.351957E+01  0.208477E+00
  0.183341E+01  0.360652E+01  0.208801E+00
  0.183569E+01  0.321304E+01  0.208496E+00
  0.183796E+01  0.347913E+01  0.208141E+00
  0.184024E+01  0.346826E+01  0.207440E+00
  0.184252E+01  0.351043E+01  0.208793E+00
  0.184479E+01  0.363087E+01  0.207746E+00
  0.184707E+01  0.408783E+01  0.208835E+00
  0.184935E+01  0.400261E+01  0.207723E+00
  0.185162E+01  0.335522E+01  0.208514E+00
  0.185390E+01  0.326435E+01  0.207842E+00
  0.185618E+01  0.351522E+01  0.207775E+00
  0.185845E+01  0.330652E+01  0.206911E+00
  0.186073E+01  0.371652E+01  0.207146E+00
  0.186301E+01  0.396174E+01  0.208334E+00
  0.186528E+01  0.339261E+01  0.208147E+00
  0.186756E+01  0.357217E+01  0.206582E+00
  0.186984E+01  0.320435E+01  0.207960E+00
  0.187211E+01  0.327130E+01  0.207342E+00
  0.187439E+01  0.339043E+01  0.207558E+00
  0.187667E+01  0.343130E+01  0.207119E+00
  0.187894E+01  0.323565E+01  0.206355E+00
  0.188122E+01  0.337957E+01  0.207936E+00
  0.188350E+01  0.307217E+01  0.206511E+00
  0.188577E+01  0.310957E+01  0.206973E+00
  0.188805E+01  0.302652E+01  0.206338E+00
  0.189033E+01  0.285478E+01  0.207261E+00
  0.189260E+01  0.319522E+01  0.207338E+00
  0.189488E+01  0.308435E+01  0.205393E+00
  0.189716E+01  0.337304E+01  0.207267E+00
  0.189943E+01  0.322739E+01  0.205833E+00
  0.190171E+01  0.360217E+01  0.207532E+00
  0.190399E+01  0.350870E+01  0.206664E+00
  0.190626E+01  0.350174E+01  0.206059E+00
  0.190854E+01  0.345696E+01  0.206893E+00
  0.191082E+01  0.325130E+01  0.205829E+00
  0.191309E+01  0.293652E+01  0.206059E+00
  0.191537E+01  0.312522E+01  0.205574E+00
  0.191765E+01  0.315478E+01  0.205994E+00
  0.191992E+01  0.296087E+01  0.206702E+00
  0.192220E+01  0.284261E+01  0.205092E+00
  0.192447E+01  0.304652E+01  0.206094E+00
  0.192675E+01  0.294174E+01  0.205010E+00
  0.192903E+01  0.342304E+01  0.206141E+00
  0.193130E+01  0.308652E+01  0.206219E+00
  0.193358E+01  0.278696E+01  0.204576E+00
  0.193586E+01  0.280435E+01  0.206409E+00
  0.193813E+01  0.338348E+01  0.204531E+00
  0.194041E+01  0.354565E+01  0.206091E+00
  0.194269E+01  0.325957E+01  0.205304E+00
  0.194496E+01  0.292000E+01  0.205286E+00
  0.194724E+01  0.295826E+01  0.206079E+00
  0.194952E+01  0.308130E+01  0.204905E+00
  0.195179E+01  0.321913E+01  0.205277E+00
  0.195407E+01  0.295522E+01  0.204288E+00
  0.195635E+01  0.292304E+01  0.205150E+00
  0.195862E+01  0.320565E+01  0.206496E+00
  0.196090E+01  0.269870E+01  0.204015E+00
  0.196318E+01  0.273739E+01  0.205176E+00
  0.196545E+01  0.256174E+01  0.203459E+00
  0.196773E+01  0.272348E+01  0.205750E+00
  0.197001E+01  0.275348E+01  0.204430E+00
  0.197228E+01  0.298130E+01  0.204213E+00
  0.197456E+01  0.294174E+01  0.204730E+00
  0.197684E+01  0.315000E+01  0.203666E+00
  0.197911E+01  0.282696E+01  0.204846E+00
  0.198139E+01  0.272391E+01  0.204592E+00
  0.198367E+01  0.292609E+01  0.203268E+00
  0.198594E+01  0.248174E+01  0.205345E+00
  0.198822E+01  0.219391E+01  0.203510E+00
  0.199050E+01  0.255652E+01  0.204046E+00
  0.199277E+01  0.254261E+01  0.203119E+00
  0.199505E+01  0.235783E+01  0.203820E+00
  0.199733E+01  0.242043E+01  0.204547E+00
  0.199960E+01  0.228043E+01  0.203441E+00
  0.200188E+01  0.209130E+01  0.203940E+00
  0.200416E+01  0.239609E+01  0.202711E+00
  0.200643E+01  0.262739E+01  0.204121E+00
  0.200871E+01  0.262174E+01  0.203292E+00
  0.201099E+01  0.242217E+01  0.203711E+00
  0.201326E+01  0.250957E+01  0.203353E+00
  0.201554E+01  0.249043E+01  0.202802E+00
  0.201781E+01  0.244565E+01  0.203876E+00
  0.202009E+01  0.285391E+01  0.203064E+00
  0.202237E+01  0.285478E+01  0.202311E+00
  0.202464E+01  0.232826E+01  0.203705E+00
  0.202692E+01  0.250783E+01  0.202262E+00
  0.202920E+01  0.235957E+01  0.203463E+00
  0.203147E+01  0.270522E+01  0.202155E+00
  0.203375E+01  0.298652E+01  0.202856E+00
  0.203603E+01  0.277000E+01  0.203540E+00
  0.203830E+01  0.235435E+01  0.202256E+00
  0.204058E+01  0.257652E+01  0.203115E+00
  0.204286E+01  0.260957E+01  0.202082E+00
  0.204513E+01  0.248522E+01  0.203009E+00
  0.204741E+01  0.252043E+01  0.201853E+00
  0.204969E+01  0.192435E+01  0.201523E+00
  0.205196E+01  0.234913E+01  0.203262E+00
  0.205424E+01  0.228174E+01  0.201740E+00
  0.205652E+01  0.249304E+01  0.203616E+00
  0.205879E+01  0.255826E+01  0.201551E+00
  0.206107E+01  0.242087E+01  0.201494E+00
  0.206335E+01  0.238826E+01  0.202423E+00
  0.206562E+01  0.235478E+01  0.202355E+00
  0.206790E+01  0.224478E+01  0.202243E+00
  0.207018E+01  0.219913E+01  0.200978E+00
  0.207245E+01  0.199174E+01  0.202721E+00
  0.207473E+01  0.206261E+01  0.202195E+00
  0.207701E+01  0.244391E+01  0.201210E+00
  0.207928E+01  0.265522E+01  0.201909E+00
  0.208156E+01  0.222391E+01  0.200115E+00
  0.208384E+01  0.186652E+01  0.202202E+00
  0.208611E+01  0.250261E+01  0.201606E+00
  0.208839E+01  0.288957E+01  0.201870E+00
  0.209067E+01  0.252913E+01  0.201631E+00
  0.209294E+01  0.234652E+01  0.201161E+00
  0.209522E+01  0.254174E+01  0.202502E+00
  0.209750E+01  0.225174E+01  0.200174E+00
  0.209977E+01  0.218913E+01  0.201040E+00
  0.210205E+01  0.241826E+01  0.200735E+00
  0.210433E+01  0.211739E+01  0.201781E+00
  0.210660E+01  0.227652E+01  0.201118E+00
  0.210888E+01  0.218217E+01  0.199419E+00
  0.211115E+01  0.225435E+01  0.201719E+00
  0.211343E+01  0.223478E+01  0.201077E+00
  0.211571E+01  0.199826E+01  0.200736E+00
  0.211798E+01  0.207565E+01  0.200538E+00
  0.212026E+01  0.210435E+01  0.199520E+00
  0.212254E+01  0.235000E+01  0.201847E+00
  0.212481E+01  0.250000E+01  0.200744E+00
  0.212709E+01  0.195174E+01  0.200644E+00
  0.212937E+01  0.205565E+01  0.200408E+00
  0.213164E+01  0.197130E+01  0.200501E+00
  0.213392E+01  0.161609E+01  0.200729E+00
  0.213620E+01  0.201739E+01  0.199383E+00
  0.213847E+01  0.228913E+01  0.200035E+00
  0.214075E+01  0.191087E+01  0.200142E+00
  0.214303E+01  0.206174E+01  0.200204E+00
  0.214530E+01  0.220304E+01  0.201130E+00
  0.214758E+01  0.204087E+01  0.199082E+00
  0.214986E+01  0.177435E+01  0.200266E+00
  0.215213E+01  0.167826E+01  0.200145E+00
  0.215441E+01  0.179957E+01  0.199598E+00
  0.215669E+01  0.194870E+01  0.199977E+00
  0.215896E+01  0.175478E+01  0.199474E+00
  0.216124E+01  0.173174E+01  0.200180E+00
  0.216352E+01  0.165043E+01  0.199150E+00
  0.216579E+01  0.200652E+01  0.200509E+00
  0.216807E+01  0.173043E+01  0.199167E+00
  0.217035E+01  0.188130E+01  0.199919E+00
  0.217262E+01  0.161957E+01  0.200032E+00
  0.217490E+01  0.196435E+01  0.198608E+00
  0.217718E+01  0.188261E+01  0.199534E+00
  0.217945E+01  0.189826E+01  0.199085E+00
  0.218173E+01  0.144870E+01  0.199521E+00
  0.218401E+01  0.150304E+01  0.199421E+00
  0.218628E+01  0.188174E+01  0.197943E+00
  0.218856E+01  0.235609E+01  0.200259E+00
  0.219084E+01  0.186957E+01  0.198507E+00
  0.219311E+01  0.157304E+01  0.199268E+00
  0.219539E+01  0.208130E+01  0.198878E+00
  0.219767E+01  0.211739E+01  0.199273E+00
  0.219994E+01  0.241435E+01  0.200297E+00
  0.220222E+01  0.217783E+01  0.198259E+00
  0.220450E+01  0.208043E+01  0.199689E+00
  0.220677E+01  0.199478E+01  0.198314E+00
  0.220905E+01  0.233957E+01  0.199497E+00
  0.221132E+01  0.203609E+01  0.199507E+00
  0.221360E+01  0.154783E+01  0.197283E+00
  0.221588E+01  0.202043E+01  0.198847E+00
  0.221815E+01  0.182130E+01  0.198313E+00
  0.222043E+01  0.180304E+01  0.199360E+00
  0.222271E+01  0.210043E+01  0.199025E+00
  0.222498E+01  0.207261E+01  0.197583E+00
  0.222726E+01  0.187000E+01  0.199572E+00
  0.222954E+01  0.207739E+01  0.197867E+00
  0.223181E+01  0.212043E+01  0.198757E+00
  0.223409E+01  0.209087E+01  0.197822E+00
  0.223637E+01  0.174826E+01  0.198468E+00
  0.223864E+01  0.169130E+01  0.199782E+00
  0.224092E+01  0.200870E+01  0.198024E+00
  0.224320E+01  0.179435E+01  0.197917E+00
  0.224547E+01  0.192913E+01  0.197353E+00
  0.224775E+01  0.157217E+01  0.197832E+00
  0.225003E+01  0.179957E+01  0.198895E+00
  0.225230E+01  0.160391E+01  0.197201E+00
  0.225458E+01  0.167696E+01  0.198263E+00
  0.225686E+01  0.208130E+01  0.198038E+00
  0.225913E+01  0.202000E+01  0.198714E+00
  0.226141E+01  0.165435E+01  0.197740E+00
  0.226369E+01  0.159478E+01  0.197347E+00
  0.226596E+01  0.172565E+01  0.198426E+00
  0.226824E+01  0.178609E+01  0.197811E+00
  0.227052E+01  0.232261E+01  0.197675E+00
  0.227279E+01  0.263435E+01  0.197349E+00
  0.227507E+01  0.189609E+01  0.197671E+00
  0.227735E+01  0.166087E+01  0.198417E+00
  0.227962E+01  0.197000E+01  0.197351E+00
  0.228190E+01  0.173913E+01  0.197572E+00
  0.228418E+01  0.150739E+01  0.196761E+00
  0.228645E+01  0.178348E+01  0.198325E+00
  0.228873E+01  0.191652E+01  0.198620E+00
  0.229101E+01  0.142217E+01  0.198865E+00
  0.229328E+01  0.187304E+01  0.199821E+00
  0.229556E+01  0.189522E+01  0.200863E+00
  0.229784E+01  0.158217E+01  0.200960E+00
  0.230011E+01  0.204870E+01  0.199784E+00
  0.230239E+01  0.174870E+01  0.200153E+00
  0.230466E+01  0.148130E+01  0.201747E+00
  0.230694E+01  0.165696E+01  0.200866E+00
  0.230922E+01  0.192000E+01  0.202361E+00
  0.231149E+01  0.150261E+01  0.200613E+00
  0.231377E+01  0.128696E+01  0.202138E+00
  0.231605E+01  0.120783E+01  0.202154E+00
  0.231832E+01  0.218174E+01  0.201211E+00
  0.232060E+01  0.200348E+01  0.202001E+00
  0.232288E+01  0.199478E+01  0.201164E+00
  0.232515E+01  0.205565E+01  0.203850E+00
  0.232743E+01  0.153087E+01  0.201628E+00
  0.232971E+01  0.201304E+01  0.202286E+00
  0.233198E+01  0.180435E+01  0.202961E+00
  0.233426E+01  0.174783E+01  0.201974E+00
  0.233654E+01  0.168522E+01  0.203851E+00
  0.233881E+01  0.147696E+01  0.202006E+00
  0.234109E+01  0.171696E+01  0.202035E+00
  0.234337E+01  0.168696E+01  0.203906E+00
  0.234564E+01  0.175522E+01  0.201997E+00
  0.234792E+01  0.186696E+01  0.203348E+00
  0.235020E+01  0.168652E+01  0.201899E+00
  0.235247E+01  0.159130E+01  0.203879E+00
  0.235475E+01  0.205870E+01  0.203441E+00
  0.235703E+01  0.133478E+01  0.201583E+00
  0.235930E+01  0.161304E+01  0.203460E+00
  0.236158E+01  0.145478E+01  0.201786E+00
  0.236386E+01  0.140739E+01  0.204500E+00
  0.236613E+01  0.145565E+01  0.203063E+00
  0.236841E+01  0.146826E+01  0.202168E+00
  0.237069E+01  0.185870E+01  0.203362E+00
  0.237296E+01  0.192565E+01  0.202239E+00
  0.237524E+01  0.177217E+01  0.204010E+00
  0.237752E+01  0.199174E+01  0.202602E+00
  0.237979E+01  0.172739E+01  0.202594E+00
  0.238207E+01  0.164609E+01  0.203853E+00
  0.238435E+01  0.155652E+01  0.202130E+00
  0.238662E+01  0.169870E+01  0.202910E+00
  0.238890E+01  0.154913E+01  0.202875E+00
  0.239118E+01  0.161435E+01  0.202729E+00
  0.239345E+01  0.150957E+01  0.203244E+00
  0.239573E+01  0.143870E+01  0.202826E+00
  0.239800E+01  0.135435E+01  0.202740E+00
  0.240028E+01  0.153304E+01  0.202196E+00
  0.240256E+01  0.155261E+01  0.203538E+00
  0.240483E+01  0.192000E+01  0.202696E+00
  0.240711E+01  0.202043E+01  0.202827E+00
  0.240939E+01  0.124435E+01  0.203016E+00
  0.241166E+01  0.146696E+01  0.202223E+00
  0.241394E+01  0.122870E+01  0.202830E+00
  0.241622E+01  0.140348E+01  0.201908E+00
  0.241849E+01  0.997826E+00  0.202821E+00
  0.242077E+01  0.136870E+01  0.203483E+00
  0.242305E+01  0.158217E+01  0.203381E+00
  0.242532E+01  0.144087E+01  0.203350E+00
  0.242760E+01  0.164000E+01  0.201167E+00
  0.242988E+01  0.162435E+01  0.204000E+00
  0.243215E+01  0.174174E+01  0.202017E+00
  0.243443E+01  0.112957E+01  0.202496E+00
  0.243671E+01  0.155565E+01  0.203241E+00
  0.243898E+01  0.164304E+01  0.200327E+00
  0.244126E+01  0.180043E+01  0.203703E+00
  0.244354E+01  0.144696E+01  0.201783E+00
  0.244581E+01  0.188652E+01  0.202426E+00
  0.244809E+01  0.190696E+01  0.202689E+00
  0.245037E+01  0.186522E+01  0.202562E+00
  0.245264E+01  0.155087E+01  0.203187E+00
  0.245492E+01  0.100043E+01  0.200684E+00
  0.245720E+01  0.151609E+01  0.202173E+00
  0.245947E+01  0.159913E+01  0.202694E+00
  0.246175E+01  0.205304E+01  0.202494E+00
  0.246403E+01  0.178043E+01  0.202505E+00
  0.246630E+01  0.167000E+01  0.200547E+00
  0.246858E+01  0.176391E+01  0.202148E+00
  0.247086E+01  0.130000E+01  0.200971E+00
  0.247313E+01  0.171391E+01  0.201663E+00
  0.247541E+01  0.189826E+01  0.202182E+00
  0.247769E+01  0.204783E+01  0.201190E+00
  0.247996E+01  0.188826E+01  0.202649E+00
  0.248224E+01  0.169000E+01  0.201072E+00
  0.248452E+01  0.132043E+01  0.200193E+00
  0.248679E+01  0.155348E+01  0.201252E+00
  0.248907E+01  0.144261E+01  0.201244E+00
  0.249134E+01  0.177261E+01  0.201760E+00
  0.249362E+01  0.137826E+01  0.200341E+00
  0.249590E+01  0.170087E+01  0.200427E+00
  0.249817E+01  0.168217E+01  0.201323E+00
  0.250045E+01  0.138783E+01  0.200337E+00
  0.250273E+01  0.175696E+01  0.201124E+00
  0.250500E+01  0.137217E+01  0.199306E+00
  0.250728E+01  0.104261E+01  0.200496E+00
  0.250956E+01  0.131000E+01  0.200491E+00
  0.251183E+01  0.102522E+01  0.200336E+00
  0.251411E+01  0.114696E+01  0.199568E+00
  0.251639E+01  0.110739E+01  0.200365E+00
  0.251866E+01  0.127957E+01  0.201141E+00
  0.252094E+01  0.146478E+01  0.199169E+00
  0.252322E+01  0.152826E+01  0.199462E+00
  0.252549E+01  0.141043E+01  0.198768E+00
  0.252777E+01  0.107522E+01  0.200276E+00
  0.253005E+01  0.124783E+01  0.200152E+00
  0.253232E+01  0.939565E+00  0.198576E+00
  0.253460E+01  0.132609E+01  0.199620E+00
  0.253688E+01  0.138000E+01  0.199340E+00
  0.253915E+01  0.977826E+00  0.199396E+00
  0.254143E+01  0.125391E+01  0.198647E+00
  0.254371E+01  0.143826E+01  0.198018E+00
  0.254598E+01  0.134043E+01  0.199562E+00
  0.254826E+01  0.131739E+01  0.197706E+00
  0.255054E+01  0.112870E+01  0.199201E+00
  0.255281E+01  0.117217E+01  0.196935E+00
  0.255509E+01  0.120826E+01  0.197866E+00
  0.255737E+01  0.120304E+01  0.198805E+00
  0.255964E+01  0.214348E+01  0.197041E+00
  0.256192E+01  0.150783E+01  0.197671E+00
  0.256420E+01  0.153435E+01  0.196617E+00
  0.256647E+01  0.173261E+01  0.198286E+00
  0.256875E+01  0.173130E+01  0.197703E+00
  0.257103E+01  0.180435E+01  0.195821E+00
  0.257330E+01  0.125870E+01  0.197250E+00
  0.257558E+01  0.151870E+01  0.196107E+00
  0.257786E+01  0.147783E+01  0.196398E+00
  0.258013E+01  0.138217E+01  0.196251E+00
  0.258241E+01  0.139739E+01  0.194864E+00
  0.258468E+01  0.180391E+01  0.197266E+00
  0.258696E+01  0.126565E+01  0.195036E+00
  0.258924E+01  0.130913E+01  0.196369E+00
  0.259151E+01  0.115261E+01  0.195239E+00
  0.259379E+01  0.144043E+01  0.193680E+00
  0.259607E+01  0.123348E+01  0.195157E+00
  0.259834E+01  0.158478E+01  0.192252E+00
  0.260062E+01  0.150913E+01  0.193123E+00
  0.260290E+01  0.130391E+01  0.192180E+00
  0.260517E+01  0.107783E+01  0.192051E+00
  0.260745E+01  0.147913E+01  0.192444E+00
  0.260973E+01  0.166957E+01  0.191209E+00
  0.261200E+01  0.138913E+01  0.192177E+00
  0.261428E+01  0.954783E+00  0.192081E+00
  0.261656E+01  0.106043E+01  0.191858E+00
  0.261883E+01  0.147913E+01  0.192248E+00
  0.262111E+01  0.123087E+01  0.190583E+00
  0.262339E+01  0.116870E+01  0.192266E+00
  0.262566E+01  0.996522E+00  0.191002E+00
  0.262794E+01  0.131783E+01  0.191553E+00
  0.263022E+01  0.130522E+01  0.191484E+00
  0.263249E+01  0.111609E+01  0.191532E+00
  0.263477E+01  0.147043E+01  0.192015E+00
  0.263705E+01  0.158391E+01  0.190768E+00
  0.263932E+01  0.177913E+01  0.191407E+00
  0.264160E+01  0.145913E+01  0.190989E+00
  0.264388E+01  0.950870E+00  0.192367E+00
  0.264615E+01  0.125087E+01  0.191322E+00
  0.264843E+01  0.135174E+01  0.191084E+00
  0.265071E+01  0.111391E+01  0.191620E+00
  0.265298E+01  0.123739E+01  0.190186E+00
  0.265526E+01  0.113130E+01  0.191817E+00
  0.265754E+01  0.971304E+00  0.190906E+00
  0.265981E+01  0.130000E+01  0.191359E+00
  0.266209E+01  0.139435E+01  0.191870E+00
  0.266437E+01  0.125783E+01  0.190512E+00
  0.266664E+01  0.121565E+01  0.191505E+00
  0.266892E+01  0.158739E+01  0.190479E+00
  0.267120E+01  0.134696E+01  0.191012E+00
  0.267347E+01  0.998261E+00  0.191365E+00
  0.267575E+01  0.105565E+01  0.190819E+00
  0.267802E+01  0.106739E+01  0.191278E+00
  0.268030E+01  0.126174E+01  0.190318E+00
  0.268258E+01  0.102174E+01  0.190953E+00
  0.268485E+01  0.126913E+01  0.190818E+00
  0.268713E+01  0.124870E+01  0.190302E+00
  0.268941E+01  0.124739E+01  0.192410E+00
  0.269168E+01  0.118130E+01  0.189341E+00
  0.269396E+01  0.135217E+01  0.191070E+00
  0.269624E+01  0.116043E+01  0.189605E+00
  0.269851E+01  0.106522E+01  0.190980E+00
  0.270079E+01  0.130391E+01  0.191876E+00
  0.270307E+01  0.118826E+01  0.190419E+00
  0.270534E+01  0.110609E+01  0.190892E+00
  0.270762E+01  0.129652E+01  0.189537E+00
  0.270990E+01  0.115913E+01  0.190187E+00
  0.271217E+01  0.135391E+01  0.190564E+00
  0.271445E+01  0.173348E+01  0.190276E+00
  0.271673E+01  0.141130E+01  0.190835E+00
  0.271900E+01  0.172304E+01  0.190166E+00
  0.272128E+01  0.154261E+01  0.190973E+00
  0.272356E+01  0.120739E+01  0.189788E+00
  0.272583E+01  0.106783E+01  0.189977E+00
  0.272811E+01  0.121087E+01  0.190546E+00
  0.273039E+01  0.967391E+00  0.189757E+00
  0.273266E+01  0.107391E+01  0.190534E+00
  0.273494E+01  0.130435E+01  0.189257E+00
  0.273722E+01  0.133000E+01  0.190386E+00
  0.273949E+01  0.149913E+01  0.190618E+00
  0.274177E+01  0.103783E+01  0.189599E+00
  0.274405E+01  0.660870E+00  0.190342E+00
  0.274632E+01  0.942609E+00  0.189424E+00
  0.274860E+01  0.105783E+01  0.190611E+00
  0.275088E+01  0.846087E+00  0.189916E+00
  0.275315E+01  0.139696E+01  0.189728E+00
  0.275543E+01  0.126696E+01  0.190473E+00
  0.275771E+01  0.113783E+01  0.189330E+00
  0.275998E+01  0.110957E+01  0.190551E+00
  0.276226E+01  0.164652E+01  0.189198E+00
  0.276454E+01  0.122913E+01  0.189617E+00
  0.276681E+01  0.119087E+01  0.189927E+00
  0.276909E+01  0.132130E+01  0.189816E+00
  0.277137E+01  0.116391E+01  0.190794E+00
  0.277364E+01  0.968261E+00  0.188573E+00
  0.277592E+01  0.112478E+01  0.190146E+00
  0.277819E+01  0.118130E+01  0.189386E+00
  0.278047E+01  0.116391E+01  0.189781E+00
  0.278275E+01  0.110652E+01  0.189754E+00
  0.278502E+01  0.101957E+01  0.188299E+00
  0.278730E+01  0.131217E+01  0.190809E+00
  0.278958E+01  0.124522E+01  0.188978E+00
  0.279185E+01  0.109522E+01  0.189288E+00
  0.279413E+01  0.125522E+01  0.190095E+00
  0.279641E+01  0.118826E+01  0.188779E+00
  0.279868E+01  0.125174E+01  0.190824E+00
  0.280096E+01  0.128000E+01  0.187837E+00
  0.280324E+01  0.141913E+01  0.189787E+00
  0.280551E+01  0.142435E+01  0.189386E+00
  0.280779E+01  0.123609E+01  0.189172E+00
  0.281007E+01  0.129826E+01  0.190708E+00
  0.281234E+01  0.134609E+01  0.188197E+00
  0.281462E+01  0.103696E+01  0.189572E+00
  0.281690E+01  0.105478E+01  0.189111E+00
  0.281917E+01  0.124435E+01  0.189253E+00
  0.282145E+01  0.128652E+01  0.189258E+00
  0.282373E+01  0.116522E+01  0.187893E+00
  0.282600E+01  0.134783E+01  0.189418E+00
  0.282828E+01  0.117348E+01  0.189075E+00
  0.283056E+01  0.155913E+01  0.188866E+00
  0.283283E+01  0.122609E+01  0.189224E+00
  0.283511E+01  0.119304E+01  0.188348E+00
  0.283739E+01  0.131826E+01  0.189906E+00
  0.283966E+01  0.126348E+01  0.188621E+00
  0.284194E+01  0.162478E+01  0.188944E+00
  0.284422E+01  0.131391E+01  0.189823E+00
  0.284649E+01  0.132870E+01  0.188555E+00
  0.284877E+01  0.149478E+01  0.189318E+00
  0.285105E+01  0.135435E+01  0.188055E+00
  0.285332E+01  0.140217E+01  0.189074E+00
  0.285560E+01  0.125043E+01  0.189086E+00
  0.285788E+01  0.111783E+01  0.188707E+00
  0.286015E+01  0.836087E+00  0.188695E+00
  0.286243E+01  0.839130E+00  0.187880E+00
  0.286471E+01  0.111217E+01  0.189262E+00
  0.286698E+01  0.114913E+01  0.188982E+00
  0.286926E+01  0.119609E+01  0.188562E+00
  0.287153E+01  0.111391E+01  0.188523E+00
  0.287381E+01  0.125870E+01  0.188750E+00
  0.287609E+01  0.931739E+00  0.188643E+00
  0.287836E+01  0.734348E+00  0.187168E+00
  0.288064E+01  0.883043E+00  0.188575E+00
  0.288292E+01  0.856087E+00  0.188175E+00
  0.288519E+01  0.107391E+01  0.189671E+00
  0.288747E+01  0.891304E+00  0.188684E+00
  0.288975E+01  0.970000E+00  0.187512E+00
  0.289202E+01  0.123957E+01  0.189235E+00
  0.289430E+01  0.959565E+00  0.187846E+00
  0.289658E+01  0.117957E+01  0.189255E+00
  0.289885E+01  0.957391E+00  0.188048E+00
  0.290113E+01  0.642174E+00  0.187842E+00
  0.290341E+01  0.916957E+00  0.189359E+00
  0.290568E+01  0.894783E+00  0.187758E+00
  0.290796E+01  0.995652E+00  0.188212E+00
  0.291024E+01  0.101522E+01  0.188180E+00
  0.291251E+01  0.144652E+01  0.188494E+00
  0.291479E+01  0.131217E+01  0.189221E+00
  0.291707E+01  0.112261E+01  0.187147E+00
  0.291934E+01  0.127478E+01  0.188265E+00
  0.292162E+01  0.202652E+01  0.188007E+00
  0.292390E+01  0.155174E+01  0.188975E+00
  0.292617E+01  0.103783E+01  0.188944E+00
  0.292845E+01  0.128783E+01  0.187259E+00
  0.293073E+01  0.103087E+01  0.188487E+00
  0.293300E+01  0.111565E+01  0.187418E+00
  0.293528E+01  0.104652E+01  0.188577E+00
  0.293756E+01  0.101739E+01  0.188044E+00
  0.293983E+01  0.521739E+00  0.187757E+00
  0.294211E+01  0.956087E+00  0.189324E+00
  0.294439E+01  0.735652E+00  0.187349E+00
  0.294666E+01  0.677391E+00  0.187312E+00
  0.294894E+01  0.127739E+01  0.187691E+00
  0.295122E+01  0.927391E+00  0.187836E+00
  0.295349E+01  0.124000E+01  0.189214E+00
  0.295577E+01  0.131000E+01  0.186939E+00
  0.295805E+01  0.115217E+01  0.188711E+00
  0.296032E+01  0.121739E+01  0.187685E+00
  0.296260E+01  0.107913E+01  0.188162E+00
  0.296487E+01  0.128435E+01  0.187892E+00
  0.296715E+01  0.105130E+01  0.187617E+00
  0.296943E+01  0.656522E+00  0.188725E+00
  0.297170E+01  0.601304E+00  0.186946E+00
  0.297398E+01  0.773043E+00  0.188879E+00
  0.297626E+01  0.118565E+01  0.187279E+00
  0.297853E+01  0.991304E+00  0.188100E+00
  0.298081E+01  0.131913E+01  0.188918E+00
  0.298309E+01  0.936522E+00  0.187473E+00
  0.298536E+01  0.767826E+00  0.187959E+00
  0.298764E+01  0.106913E+01  0.186928E+00
  0.298992E+01  0.111739E+01  0.188179E+00
  0.299219E+01  0.120174E+01  0.188002E+00
  0.299447E+01  0.110478E+01  0.187266E+00
  0.299675E+01  0.858696E+00  0.188585E+00
  0.299902E+01  0.108826E+01  0.186786E+00
  0.300130E+01  0.101043E+01  0.188396E+00
  0.300358E+01  0.121304E+01  0.187164E+00
  0.300585E+01  0.100174E+01  0.187772E+00
  0.300813E+01  0.899565E+00  0.188326E+00
  0.301041E+01  0.105174E+01  0.187073E+00
  0.301268E+01  0.908696E+00  0.188265E+00
  0.301496E+01  0.109043E+01  0.186864E+00
  0.301724E+01  0.893043E+00  0.187556E+00
  0.301951E+01  0.104652E+01  0.187876E+00
  0.302179E+01  0.138913E+01  0.187276E+00
  0.302407E+01  0.112870E+01  0.187838E+00
  0.302634E+01  0.908261E+00  0.187122E+00
  0.302862E+01  0.101826E+01  0.187938E+00
  0.303090E+01  0.860000E+00  0.187635E+00
  0.303317E+01  0.104696E+01  0.186656E+00
  0.303545E+01  0.889130E+00  0.189009E+00
  0.303773E+01  0.121217E+01  0.186554E+00
  0.304000E+01  0.986522E+00  0.188420E+00
  0.304228E+01  0.901739E+00  0.186251E+00
  0.304456E+01  0.107391E+01  0.186718E+00
  0.304683E+01  0.124261E+01  0.188971E+00
  0.304911E+01  0.903478E+00  0.187002E+00
  0.305139E+01  0.104478E+01  0.187663E+00
  0.305366E+01  0.104609E+01  0.187203E+00
  0.305594E+01  0.106130E+01  0.186919E+00
  0.305821E+01  0.135130E+01  0.187971E+00
  0.306049E+01  0.149348E+01  0.186862E+00
  0.306277E+01  0.119087E+01  0.187878E+00
  0.306504E+01  0.115130E+01  0.187089E+00
  0.306732E+01  0.974783E+00  0.187467E+00
  0.306960E+01  0.836957E+00  0.187771E+00
  0.307187E+01  0.104087E+01  0.186776E+00
  0.307415E+01  0.121913E+01  0.188196E+00
  0.307643E+01  0.110783E+01  0.186870E+00
  0.307870E+01  0.133261E+01  0.187768E+00
  0.308098E+01  0.144391E+01  0.187270E+00
  0.308326E+01  0.128826E+01  0.187212E+00
  0.308553E+01  0.929130E+00  0.187104E+00
  0.308781E+01  0.857391E+00  0.187110E+00
  0.309009E+01  0.122130E+01  0.188161E+00
  0.309236E+01  0.156261E+01  0.186593E+00
  0.309464E+01  0.137217E+01  0.187545E+00
  0.309692E+01  0.965652E+00  0.187349E+00
  0.309919E+01  0.131130E+01  0.187091E+00
  0.310147E+01  0.833913E+00  0.187035E+00
  0.310375E+01  0.808261E+00  0.186948E+00
  0.310602E+01  0.139130E+01  0.187668E+00
  0.310830E+01  0.120217E+01  0.186902E+00
  0.311058E+01  0.115435E+01  0.187691E+00
  0.311285E+01  0.141217E+01  0.187447E+00
  0.311513E+01  0.132217E+01  0.186805E+00
  0.311741E+01  0.118217E+01  0.187608E+00
  0.311968E+01  0.823913E+00  0.186539E+00
  0.312196E+01  0.829565E+00  0.187712E+00
  0.312424E+01  0.909565E+00  0.186958E+00
  0.312651E+01  0.106652E+01  0.187243E+00
  0.312879E+01  0.940435E+00  0.187798E+00
  0.313107E+01  0.958696E+00  0.185906E+00
  0.313334E+01  0.696957E+00  0.187477E+00
  0.313562E+01  0.870000E+00  0.186613E+00
  0.313790E+01  0.120826E+01  0.187842E+00
  0.314017E+01  0.610000E+00  0.186875E+00
  0.314245E+01  0.806087E+00  0.186158E+00
  0.314473E+01  0.851304E+00  0.187969E+00
  0.314700E+01  0.839565E+00  0.186123E+00
  0.314928E+01  0.555217E+00  0.187026E+00
  0.315155E+01  0.110696E+01  0.187126E+00
  0.315383E+01  0.115217E+01  0.186481E+00
  0.315611E+01  0.117739E+01  0.187923E+00
  0.315838E+01  0.120391E+01  0.185504E+00
  0.316066E+01  0.100783E+01  0.187863E+00
  0.316294E+01  0.945217E+00  0.187087E+00
  0.316521E+01  0.113870E+01  0.187098E+00
  0.316749E+01  0.868261E+00  0.187708E+00
  0.316977E+01  0.766957E+00  0.185463E+00
  0.317204E+01  0.154304E+01  0.187220E+00
  0.317432E+01  0.118652E+01  0.186047E+00
  0.317660E+01  0.144174E+01  0.187054E+00
  0.317887E+01  0.131870E+01  0.187389E+00
  0.318115E+01  0.887391E+00  0.186179E+00
  0.318343E+01  0.774783E+00  0.187415E+00
  0.318570E+01  0.113087E+01  0.186286E+00
  0.318798E+01  0.124217E+01  0.186792E+00
  0.319026E+01  0.162652E+01  0.187372E+00
  0.319253E+01  0.126826E+01  0.186747E+00
  0.319481E+01  0.157174E+01  0.188503E+00
  0.319709E+01  0.141261E+01  0.185880E+00
  0.319936E+01  0.141478E+01  0.186596E+00
  0.320164E+01  0.111174E+01  0.186988E+00
  0.320392E+01  0.117739E+01  0.187141E+00
  0.320619E+01  0.133652E+01  0.187571E+00
  0.320847E+01  0.149565E+01  0.185706E+00
  0.321075E+01  0.148739E+01  0.187660E+00
  0.321302E+01  0.129261E+01  0.186387E+00
  0.321530E+01  0.119783E+01  0.186796E+00
  0.321758E+01  0.845217E+00  0.187042E+00
  0.321985E+01  0.775217E+00  0.186265E+00
  0.322213E+01  0.771304E+00  0.187662E+00
  0.322441E+01  0.126043E+01  0.186386E+00
  0.322668E+01  0.656087E+00  0.186143E+00
  0.322896E+01  0.922609E+00  0.186523E+00
  0.323124E+01  0.108783E+01  0.186668E+00
  0.323351E+01  0.128957E+01  0.188063E+00
  0.323579E+01  0.150261E+01  0.185695E+00
  0.323807E+01  0.130261E+01  0.186983E+00
  0.324034E+01  0.126435E+01  0.186306E+00
  0.324262E+01  0.941304E+00  0.186702E+00
  0.324490E+01  0.960000E+00  0.187093E+00
  0.324717E+01  0.983478E+00  0.185789E+00
  0.324945E+01  0.103609E+01  0.187608E+00
  0.325172E+01  0.123217E+01  0.186440E+00
  0.325400E+01  0.973043E+00  0.187186E+00
  0.325628E+01  0.850435E+00  0.185817E+00
  0.325855E+01  0.840000E+00  0.186594E+00
  0.326083E+01  0.757826E+00  0.187590E+00
  0.326311E+01  0.843043E+00  0.186121E+00
  0.326538E+01  0.986957E+00  0.186668E+00
  0.326766E+01  0.123348E+01  0.186310E+00
  0.326994E+01  0.840000E+00  0.186255E+00
  0.327221E+01  0.804348E+00  0.187143E+00
  0.327449E+01  0.509130E+00  0.185593E+00
  0.327677E+01  0.122739E+01  0.187702E+00
  0.327904E+01  0.110957E+01  0.186228E+00
  0.328132E+01  0.102478E+01  0.186958E+00
  0.328360E+01  0.933043E+00  0.186038E+00
  0.328587E+01  0.882609E+00  0.186019E+00
  0.328815E+01  0.646087E+00  0.187429E+00
  0.329043E+01  0.650000E+00  0.186531E+00
  0.329270E+01  0.897391E+00  0.187284E+00
  0.329498E+01  0.126348E+01  0.186179E+00
  0.329726E+01  0.124522E+01  0.186491E+00
  0.329953E+01  0.117391E+01  0.188048E+00
  0.330181E+01  0.123304E+01  0.186030E+00
  0.330409E+01  0.102870E+01  0.187001E+00
  0.330636E+01  0.979130E+00  0.186888E+00
  0.330864E+01  0.926087E+00  0.186369E+00
  0.331092E+01  0.850870E+00  0.187291E+00
  0.331319E+01  0.773478E+00  0.185674E+00
  0.331547E+01  0.950435E+00  0.187128E+00
  0.331775E+01  0.106087E+01  0.186635E+00
  0.332002E+01  0.982609E+00  0.186975E+00
  0.332230E+01  0.116043E+01  0.185942E+00
  0.332458E+01  0.127174E+01  0.186716E+00
  0.332685E+01  0.109391E+01  0.187440E+00
  0.332913E+01  0.128391E+01  0.186171E+00
  0.333141E+01  0.789565E+00  0.187224E+00
  0.333368E+01  0.101348E+01  0.185875E+00
  0.333596E+01  0.108652E+01  0.186776E+00
  0.333824E+01  0.123304E+01  0.186757E+00
  0.334051E+01  0.154565E+01  0.186003E+00
  0.334279E+01  0.125435E+01  0.186583E+00
  0.334506E+01  0.125478E+01  0.186400E+00
  0.334734E+01  0.144217E+01  0.187841E+00
  0.334962E+01  0.727826E+00  0.186738E+00
  0.335189E+01  0.954783E+00  0.186243E+00
  0.335417E+01  0.754783E+00  0.186748E+00
  0.335645E+01  0.103739E+01  0.185303E+00
  0.335872E+01  0.101217E+01  0.187560E+00
  0.336100E+01  0.116348E+01  0.185793E+00
  0.336328E+01  0.586522E+00  0.187116E+00
  0.336555E+01  0.110000E+01  0.186885E+00
  0.336783E+01  0.124130E+01  0.185981E+00
  0.337011E+01  0.112435E+01  0.186894E+00
  0.337238E+01  0.876522E+00  0.186182E+00
  0.337466E+01  0.813043E+00  0.186725E+00
  0.337694E+01  0.104913E+01  0.186762E+00
  0.337921E+01  0.109000E+01  0.186095E+00
  0.338149E+01  0.124957E+01  0.187156E+00
  0.338377E+01  0.100696E+01  0.186573E+00
  0.338604E+01  0.681304E+00  0.187292E+00
  0.338832E+01  0.890000E+00  0.187054E+00
  0.339060E+01  0.112783E+01  0.186127E+00
  0.339287E+01  0.109826E+01  0.187365E+00
  0.339515E+01  0.973478E+00  0.185292E+00
  0.339743E+01  0.839565E+00  0.187641E+00
  0.339970E+01  0.575652E+00  0.185738E+00
  0.340198E+01  0.758696E+00  0.186769E+00
  0.340426E+01  0.820435E+00  0.187738E+00
  0.340653E+01  0.981304E+00  0.185590E+00
  0.340881E+01  0.116696E+01  0.186892E+00
  0.341109E+01  0.898261E+00  0.186004E+00
  0.341336E+01  0.132478E+01  0.186987E+00
  0.341564E+01  0.124261E+01  0.187064E+00
  0.341792E+01  0.131087E+01  0.186560E+00
  0.342019E+01  0.116043E+01  0.187384E+00
  0.342247E+01  0.119826E+01  0.186367E+00
  0.342475E+01  0.134000E+01  0.186679E+00
  0.342702E+01  0.101391E+01  0.186621E+00
  0.342930E+01  0.110043E+01  0.185886E+00
  0.343158E+01  0.131913E+01  0.187496E+00
  0.343385E+01  0.109391E+01  0.185848E+00
  0.343613E+01  0.143522E+01  0.187533E+00
  0.343840E+01  0.130435E+01  0.186019E+00
  0.344068E+01  0.907826E+00  0.186861E+00
  0.344296E+01  0.894783E+00  0.187144E+00
  0.344523E+01  0.116391E+01  0.186971E+00
  0.344751E+01  0.118565E+01  0.187014E+00
  0.344979E+01  0.117217E+01  0.185486E+00
  0.345206E+01  0.134522E+01  0.187009E+00
  0.345434E+01  0.680000E+00  0.186151E+00
  0.345662E+01  0.592174E+00  0.187285E+00
  0.345889E+01  0.850000E+00  0.186932E+00
  0.346117E+01  0.657391E+00  0.186761E+00
  0.346345E+01  0.939565E+00  0.186941E+00
  0.346572E+01  0.917826E+00  0.186412E+00
  0.346800E+01  0.816522E+00  0.186129E+00
  0.347028E+01  0.129304E+01  0.186976E+00
  0.347255E+01  0.775652E+00  0.186314E+00
  0.347483E+01  0.104913E+01  0.187217E+00
  0.347711E+01  0.125435E+01  0.185991E+00
  0.347938E+01  0.119217E+01  0.187015E+00
  0.348166E+01  0.111609E+01  0.186863E+00
  0.348394E+01  0.127391E+01  0.187112E+00
  0.348621E+01  0.108217E+01  0.186976E+00
  0.348849E+01  0.941304E+00  0.185976E+00
  0.349077E+01  0.727391E+00  0.187038E+00
  0.349304E+01  0.685217E+00  0.186272E+00
  0.349532E+01  0.125652E+01  0.186598E+00
  0.349760E+01  0.903478E+00  0.187491E+00
  0.349987E+01  0.802609E+00  0.185772E+00
  0.350215E+01  0.594783E+00  0.187711E+00
  0.350443E+01  0.953043E+00  0.186385E+00
  0.350670E+01  0.103130E+01  0.186496E+00
  0.350898E+01  0.109435E+01  0.186564E+00
  0.351126E+01  0.127391E+01  0.187049E+00
  0.351353E+01  0.111087E+01  0.187932E+00
  0.351581E+01  0.108435E+01  0.185818E+00
  0.351809E+01  0.112652E+01  0.187514E+00
  0.352036E+01  0.129261E+01  0.186601E+00
  0.352264E+01  0.111609E+01  0.186816E+00
  0.352492E+01  0.765217E+00  0.187038E+00
  0.352719E+01  0.939565E+00  0.186308E+00
  0.352947E+01  0.824348E+00  0.187245E+00
  0.353174E+01  0.949565E+00  0.186899E+00
  0.353402E+01  0.914783E+00  0.186948E+00
  0.353630E+01  0.119696E+01  0.186907E+00
  0.353857E+01  0.109826E+01  0.186638E+00
  0.354085E+01  0.775652E+00  0.187439E+00
  0.354313E+01  0.860435E+00  0.186780E+00
  0.354540E+01  0.959130E+00  0.187084E+00
  0.354768E+01  0.108783E+01  0.186671E+00
  0.354996E+01  0.100913E+01  0.186989E+00
  0.355223E+01  0.108174E+01  0.187971E+00
  0.355451E+01  0.157130E+01  0.186222E+00
  0.355679E+01  0.110217E+01  0.187419E+00
  0.355906E+01  0.664348E+00  0.186534E+00
  0.356134E+01  0.113826E+01  0.187385E+00
  0.356362E+01  0.768261E+00  0.186890E+00
  0.356589E+01  0.567391E+00  0.185721E+00
  0.356817E+01  0.885652E+00  0.188022E+00
  0.357045E+01  0.127565E+01  0.187031E+00
  0.357272E+01  0.960870E+00  0.187420E+00
  0.357500E+01  0.821304E+00  0.186773E+00
  0.357728E+01  0.945217E+00  0.186943E+00
  0.357955E+01  0.100391E+01  0.187781E+00
  0.358183E+01  0.964783E+00  0.186048E+00
  0.358411E+01  0.942174E+00  0.187588E+00
  0.358638E+01  0.114522E+01  0.186688E+00
  0.358866E+01  0.108870E+01  0.187455E+00
  0.359094E+01  0.112174E+01  0.187953E+00
  0.359321E+01  0.108217E+01  0.184892E+00
  0.359549E+01  0.925217E+00  0.188014E+00
  0.359777E+01  0.992174E+00  0.186664E+00
  0.360004E+01  0.109913E+01  0.188009E+00
  0.360232E+01  0.999130E+00  0.186898E+00
  0.360460E+01  0.973913E+00  0.186606E+00
  0.360687E+01  0.677826E+00  0.187733E+00
  0.360915E+01  0.903043E+00  0.186977E+00
  0.361143E+01  0.132391E+01  0.187675E+00
  0.361370E+01  0.110435E+01  0.186775E+00
  0.361598E+01  0.103261E+01  0.186815E+00
  0.361826E+01  0.915217E+00  0.188137E+00
  0.362053E+01  0.119000E+01  0.185966E+00
  0.362281E+01  0.118391E+01  0.188072E+00
  0.362508E+01  0.127087E+01  0.187524E+00
  0.362736E+01  0.104130E+01  0.187713E+00
  0.362964E+01  0.647826E+00  0.188367E+00
  0.363191E+01  0.980000E+00  0.185662E+00
  0.363419E+01  0.114783E+01  0.187622E+00
  0.363647E+01  0.122304E+01  0.187180E+00
  0.363874E+01  0.100000E+01  0.187897E+00
  0.364102E+01  0.918261E+00  0.187687E+00
  0.364330E+01  0.936522E+00  0.187031E+00
  0.364557E+01  0.114957E+01  0.188154E+00
  0.364785E+01  0.127043E+01  0.187330E+00
  0.365013E+01  0.998261E+00  0.186992E+00
  0.365240E+01  0.109174E+01  0.187518E+00
  0.365468E+01  0.117652E+01  0.187530E+00
  0.365696E+01  0.156696E+01  0.188828E+00
  0.365923E+01  0.116652E+01  0.186526E+00
  0.366151E+01  0.117783E+01  0.187298E+00
  0.366379E+01  0.920000E+00  0.187511E+00
  0.366606E+01  0.804348E+00  0.187477E+00
  0.366834E+01  0.817391E+00  0.188611E+00
  0.367062E+01  0.102652E+01  0.186781E+00
  0.367289E+01  0.113043E+01  0.188310E+00
  0.367517E+01  0.895217E+00  0.186586E+00
  0.367745E+01  0.772609E+00  0.188041E+00
  0.367972E+01  0.106652E+01  0.186831E+00
  0.368200E+01  0.894348E+00  0.188077E+00
  0.368428E+01  0.111826E+01  0.188907E+00
  0.368655E+01  0.114087E+01  0.186734E+00
  0.368883E+01  0.110000E+01  0.188250E+00
  0.369111E+01  0.765652E+00  0.187082E+00
  0.369338E+01  0.588696E+00  0.188450E+00
  0.369566E+01  0.883913E+00  0.187975E+00
  0.369794E+01  0.103870E+01  0.188052E+00
  0.370021E+01  0.135957E+01  0.188137E+00
  0.370249E+01  0.137739E+01  0.186797E+00
  0.370477E+01  0.765217E+00  0.188561E+00
  0.370704E+01  0.689130E+00  0.187013E+00
  0.370932E+01  0.640870E+00  0.188253E+00
  0.371160E+01  0.730435E+00  0.188442E+00
  0.371387E+01  0.107696E+01  0.187528E+00
  0.371615E+01  0.126652E+01  0.189131E+00
  0.371843E+01  0.985652E+00  0.187029E+00
  0.372070E+01  0.109348E+01  0.188360E+00
  0.372298E+01  0.131609E+01  0.188815E+00
  0.372525E+01  0.121522E+01  0.187117E+00
  0.372753E+01  0.129261E+01  0.188489E+00
  0.372981E+01  0.118783E+01  0.187472E+00
  0.373208E+01  0.120000E+01  0.188737E+00
  0.373436E+01  0.127000E+01  0.188581E+00
  0.373664E+01  0.128391E+01  0.188075E+00
  0.373891E+01  0.109043E+01  0.188960E+00
  0.374119E+01  0.924783E+00  0.187703E+00
  0.374347E+01  0.890870E+00  0.187847E+00
  0.374574E+01  0.747391E+00  0.187940E+00
  0.374802E+01  0.755652E+00  0.187517E+00
  0.375030E+01  0.107696E+01  0.188719E+00
  0.375257E+01  0.100435E+01  0.188020E+00
  0.375485E+01  0.102739E+01  0.188908E+00
  0.375713E+01  0.109478E+01  0.187989E+00
  0.375940E+01  0.132391E+01  0.188172E+00
  0.376168E+01  0.155391E+01  0.189527E+00
  0.376396E+01  0.116478E+01  0.187732E+00
  0.376623E+01  0.108043E+01  0.188352E+00
  0.376851E+01  0.126696E+01  0.188377E+00
  0.377079E+01  0.140130E+01  0.188768E+00
  0.377306E+01  0.104348E+01  0.189106E+00
  0.377534E+01  0.646087E+00  0.187977E+00
  0.377762E+01  0.887826E+00  0.188714E+00
  0.377989E+01  0.121391E+01  0.188463E+00
  0.378217E+01  0.868261E+00  0.188870E+00
  0.378445E+01  0.773913E+00  0.188447E+00
  0.378672E+01  0.470435E+00  0.188049E+00
  0.378900E+01  0.678261E+00  0.188902E+00
  0.379128E+01  0.844783E+00  0.189242E+00
  0.379355E+01  0.844783E+00  0.188640E+00
  0.379583E+01  0.963913E+00  0.188526E+00
  0.379811E+01  0.981304E+00  0.188943E+00
  0.380038E+01  0.947391E+00  0.188645E+00
  0.380266E+01  0.905217E+00  0.189525E+00
  0.380494E+01  0.125696E+01  0.188605E+00
  0.380721E+01  0.100304E+01  0.188800E+00
  0.380949E+01  0.849565E+00  0.189256E+00
  0.381177E+01  0.425652E+00  0.188993E+00
  0.381404E+01  0.803478E+00  0.189011E+00
  0.381632E+01  0.126043E+01  0.188528E+00
  0.381859E+01  0.104087E+01  0.189447E+00
  0.382087E+01  0.776522E+00  0.188984E+00
  0.382315E+01  0.635217E+00  0.188831E+00
  0.382542E+01  0.703043E+00  0.189108E+00
  0.382770E+01  0.678261E+00  0.189260E+00
  0.382998E+01  0.835652E+00  0.189349E+00
  0.383225E+01  0.907391E+00  0.189068E+00
  0.383453E+01  0.924348E+00  0.188871E+00
  0.383681E+01  0.766522E+00  0.189127E+00
  0.383908E+01  0.910000E+00  0.189579E+00
  0.384136E+01  0.883913E+00  0.188786E+00
  0.384364E+01  0.108217E+01  0.188974E+00
  0.384591E+01  0.119217E+01  0.189291E+00
  0.384819E+01  0.106696E+01  0.190174E+00
  0.385047E+01  0.779130E+00  0.189810E+00
  0.385274E+01  0.766087E+00  0.189446E+00
  0.385502E+01  0.107739E+01  0.189683E+00
  0.385730E+01  0.126217E+01  0.189612E+00
  0.385957E+01  0.900435E+00  0.189937E+00
  0.386185E+01  0.886522E+00  0.189195E+00
  0.386413E+01  0.118261E+01  0.189461E+00
  0.386640E+01  0.919565E+00  0.189975E+00
  0.386868E+01  0.836522E+00  0.189527E+00
  0.387096E+01  0.548261E+00  0.189957E+00
  0.387323E+01  0.616957E+00  0.188723E+00
  0.387551E+01  0.102261E+01  0.189996E+00
  0.387779E+01  0.116652E+01  0.190248E+00
  0.388006E+01  0.985217E+00  0.190076E+00
  0.388234E+01  0.716522E+00  0.189609E+00
  0.388462E+01  0.530435E+00  0.189877E+00
  0.388689E+01  0.959130E+00  0.189644E+00
  0.388917E+01  0.107174E+01  0.190070E+00
  0.389145E+01  0.883043E+00  0.189893E+00
  0.389372E+01  0.753043E+00  0.189587E+00
  0.389600E+01  0.117174E+01  0.190425E+00
  0.389828E+01  0.114391E+01  0.190622E+00
  0.390055E+01  0.856522E+00  0.190096E+00
  0.390283E+01  0.487391E+00  0.189813E+00
  0.390511E+01  0.578261E+00  0.190463E+00
  0.390738E+01  0.977826E+00  0.190612E+00
  0.390966E+01  0.105391E+01  0.190163E+00
  0.391193E+01  0.652609E+00  0.190034E+00
  0.391421E+01  0.102478E+01  0.189794E+00
  0.391649E+01  0.115783E+01  0.190619E+00
  0.391876E+01  0.878261E+00  0.190946E+00
  0.392104E+01  0.974348E+00  0.189877E+00
  0.392332E+01  0.131391E+01  0.191362E+00
  0.392559E+01  0.135913E+01  0.190583E+00
  0.392787E+01  0.136435E+01  0.190631E+00
  0.393015E+01  0.123870E+01  0.190493E+00
  0.393242E+01  0.951304E+00  0.190357E+00
  0.393470E+01  0.119826E+01  0.191353E+00
  0.393698E+01  0.101435E+01  0.191327E+00
  0.393925E+01  0.823478E+00  0.190019E+00
  0.394153E+01  0.688696E+00  0.190953E+00
  0.394381E+01  0.771739E+00  0.190448E+00
  0.394608E+01  0.824783E+00  0.190969E+00
  0.394836E+01  0.586957E+00  0.190778E+00
  0.395064E+01  0.843478E+00  0.190326E+00
  0.395291E+01  0.945217E+00  0.191264E+00
  0.395519E+01  0.100826E+01  0.190050E+00
  0.395747E+01  0.115217E+01  0.191593E+00
  0.395974E+01  0.881739E+00  0.190643E+00
  0.396202E+01  0.114304E+01  0.191411E+00
  0.396430E+01  0.108609E+01  0.191507E+00
  0.396657E+01  0.960435E+00  0.191217E+00
  0.396885E+01  0.707391E+00  0.190598E+00
  0.397113E+01  0.132826E+01  0.191279E+00
  0.397340E+01  0.977826E+00  0.191032E+00
  0.397568E+01  0.108478E+01  0.191918E+00
  0.397796E+01  0.128870E+01  0.190805E+00
  0.398023E+01  0.935217E+00  0.190971E+00
  0.398251E+01  0.816522E+00  0.191644E+00
  0.398479E+01  0.859130E+00  0.191445E+00
  0.398706E+01  0.983913E+00  0.191507E+00
  0.398934E+01  0.123913E+01  0.191252E+00
  0.399162E+01  0.141087E+01  0.192150E+00
  0.399389E+01  0.159348E+01  0.192042E+00
  0.399617E+01  0.114000E+01  0.192145E+00
  0.399845E+01  0.708261E+00  0.190903E+00
  0.400072E+01  0.754783E+00  0.191310E+00
  0.400300E+01  0.964348E+00  0.192010E+00
  0.400527E+01  0.131217E+01  0.192458E+00
  0.400755E+01  0.901304E+00  0.191491E+00
  0.400983E+01  0.111217E+01  0.191776E+00
  0.401210E+01  0.700870E+00  0.192278E+00
  0.401438E+01  0.795652E+00  0.192761E+00
  0.401666E+01  0.943913E+00  0.192014E+00
  0.401893E+01  0.105652E+01  0.192079E+00
  0.402121E+01  0.112000E+01  0.192416E+00
  0.402349E+01  0.129130E+01  0.192267E+00
  0.402576E+01  0.125261E+01  0.191729E+00
  0.402804E+01  0.109087E+01  0.191990E+00
  0.403032E+01  0.921739E+00  0.192686E+00
  0.403259E+01  0.933913E+00  0.192762E+00
  0.403487E+01  0.981739E+00  0.192760E+00
  0.403715E+01  0.101609E+01  0.192261E+00
  0.403942E+01  0.833478E+00  0.192076E+00
  0.404170E+01  0.687391E+00  0.192481E+00
  0.404398E+01  0.120652E+01  0.192696E+00
  0.404625E+01  0.896957E+00  0.192388E+00
  0.404853E+01  0.909565E+00  0.192617E+00
  0.405081E+01  0.102435E+01  0.193081E+00
  0.405308E+01  0.930000E+00  0.192693E+00
  0.405536E+01  0.140870E+01  0.192603E+00
  0.405764E+01  0.127217E+01  0.192765E+00
  0.405991E+01  0.774348E+00  0.192801E+00
  0.406219E+01  0.807826E+00  0.193526E+00
  0.406447E+01  0.130696E+01  0.192453E+00
  0.406674E+01  0.111826E+01  0.193079E+00
  0.406902E+01  0.106609E+01  0.192847E+00
  0.407130E+01  0.126261E+01  0.193731E+00
  0.407357E+01  0.127609E+01  0.192823E+00
  0.407585E+01  0.123913E+01  0.193028E+00
  0.407813E+01  0.123087E+01  0.193599E+00
  0.408040E+01  0.996522E+00  0.192969E+00
  0.408268E+01  0.114478E+01  0.193811E+00
  0.408496E+01  0.952609E+00  0.192902E+00
  0.408723E+01  0.827826E+00  0.193208E+00
  0.408951E+01  0.913913E+00  0.194191E+00
  0.409179E+01  0.112000E+01  0.194134E+00
  0.409406E+01  0.966957E+00  0.192789E+00
  0.409634E+01  0.120522E+01  0.193920E+00
  0.409861E+01  0.134174E+01  0.193859E+00
  0.410089E+01  0.134739E+01  0.194049E+00
  0.410317E+01  0.132522E+01  0.194092E+00
  0.410544E+01  0.103304E+01  0.193943E+00
  0.410772E+01  0.101826E+01  0.193970E+00
  0.411000E+01  0.134348E+01  0.193654E+00
  0.411227E+01  0.108000E+01  0.194201E+00
  0.411455E+01  0.102130E+01  0.193691E+00
  0.411683E+01  0.970435E+00  0.193533E+00
  0.411910E+01  0.103261E+01  0.195222E+00
  0.412138E+01  0.105043E+01  0.193858E+00
  0.412366E+01  0.849565E+00  0.193893E+00
  0.412593E+01  0.105696E+01  0.194588E+00
  0.412821E+01  0.126261E+01  0.194448E+00
  0.413049E+01  0.116826E+01  0.195160E+00
  0.413276E+01  0.882609E+00  0.193931E+00
  0.413504E+01  0.126478E+01  0.194821E+00
  0.413732E+01  0.120435E+01  0.194666E+00
  0.413959E+01  0.776957E+00  0.194591E+00
  0.414187E+01  0.120348E+01  0.194263E+00
  0.414415E+01  0.131435E+01  0.195430E+00
  0.414642E+01  0.117522E+01  0.194844E+00
  0.414870E+01  0.101696E+01  0.195527E+00
  0.415098E+01  0.125609E+01  0.194360E+00
  0.415325E+01  0.129478E+01  0.195243E+00
  0.415553E+01  0.130435E+01  0.195717E+00
  0.415781E+01  0.133870E+01  0.195256E+00
  0.416008E+01  0.147348E+01  0.196656E+00
  0.416236E+01  0.150391E+01  0.194682E+00
  0.416464E+01  0.108478E+01  0.195153E+00
  0.416691E+01  0.120043E+01  0.195545E+00
  0.416919E+01  0.962174E+00  0.195562E+00
  0.417147E+01  0.103304E+01  0.195504E+00
  0.417374E+01  0.114783E+01  0.194869E+00
  0.417602E+01  0.102826E+01  0.196468E+00
  0.417830E+01  0.127652E+01  0.196293E+00
  0.418057E+01  0.118087E+01  0.195355E+00
  0.418285E+01  0.896522E+00  0.196529E+00
  0.418513E+01  0.125174E+01  0.195342E+00
  0.418740E+01  0.130391E+01  0.196124E+00
  0.418968E+01  0.109261E+01  0.195443E+00
  0.419196E+01  0.114783E+01  0.195695E+00
  0.419423E+01  0.835652E+00  0.195744E+00
  0.419651E+01  0.108478E+01  0.196432E+00
  0.419878E+01  0.130043E+01  0.196519E+00
  0.420106E+01  0.987391E+00  0.196393E+00
  0.420334E+01  0.159000E+01  0.196520E+00
  0.420561E+01  0.150826E+01  0.197246E+00
  0.420789E+01  0.148087E+01  0.196614E+00
  0.421017E+01  0.129000E+01  0.195667E+00
  0.421244E+01  0.117435E+01  0.197146E+00
  0.421472E+01  0.120913E+01  0.197102E+00
  0.421700E+01  0.115739E+01  0.197353E+00
  0.421927E+01  0.131087E+01  0.196844E+00
  0.422155E+01  0.145609E+01  0.196950E+00
  0.422383E+01  0.127826E+01  0.197395E+00
  0.422610E+01  0.121522E+01  0.196918E+00
  0.422838E+01  0.122522E+01  0.197029E+00
  0.423066E+01  0.142435E+01  0.196851E+00
  0.423293E+01  0.120696E+01  0.197345E+00
  0.423521E+01  0.955217E+00  0.197175E+00
  0.423749E+01  0.922609E+00  0.197328E+00
  0.423976E+01  0.119000E+01  0.196883E+00
  0.424204E+01  0.112435E+01  0.198431E+00
  0.424432E+01  0.924348E+00  0.197275E+00
  0.424659E+01  0.618696E+00  0.197808E+00
  0.424887E+01  0.741739E+00  0.197027E+00
  0.425115E+01  0.846087E+00  0.197158E+00
  0.425342E+01  0.118478E+01  0.198288E+00
  0.425570E+01  0.105870E+01  0.198159E+00
  0.425798E+01  0.107217E+01  0.197327E+00
  0.426025E+01  0.111174E+01  0.198323E+00
  0.426253E+01  0.990435E+00  0.197668E+00
  0.426481E+01  0.121739E+01  0.198434E+00
  0.426708E+01  0.132870E+01  0.198194E+00
  0.426936E+01  0.124087E+01  0.198791E+00
  0.427164E+01  0.152087E+01  0.198797E+00
  0.427391E+01  0.893913E+00  0.198635E+00
  0.427619E+01  0.752174E+00  0.198237E+00
  0.427847E+01  0.879565E+00  0.197566E+00
  0.428074E+01  0.963478E+00  0.198606E+00
  0.428302E+01  0.903913E+00  0.198735E+00
  0.428530E+01  0.105478E+01  0.199091E+00
  0.428757E+01  0.120739E+01  0.198931E+00
  0.428985E+01  0.886087E+00  0.198765E+00
  0.429212E+01  0.762609E+00  0.199243E+00
  0.429440E+01  0.953478E+00  0.199145E+00
  0.429668E+01  0.126261E+01  0.198818E+00
  0.429895E+01  0.131174E+01  0.199337E+00
  0.430123E+01  0.123435E+01  0.199741E+00
  0.430351E+01  0.114087E+01  0.199344E+00
  0.430578E+01  0.115870E+01  0.198828E+00
  0.430806E+01  0.106478E+01  0.199492E+00
  0.431034E+01  0.115478E+01  0.199724E+00
  0.431261E+01  0.111217E+01  0.200831E+00
  0.431489E+01  0.947826E+00  0.200228E+00
  0.431717E+01  0.647826E+00  0.199332E+00
  0.431944E+01  0.961304E+00  0.199386E+00
  0.432172E+01  0.106217E+01  0.200307E+00
  0.432400E+01  0.109478E+01  0.200273E+00
  0.432627E+01  0.119478E+01  0.199933E+00
  0.432855E+01  0.993913E+00  0.200045E+00
  0.433083E+01  0.770000E+00  0.201127E+00
  0.433310E+01  0.101957E+01  0.199754E+00
  0.433538E+01  0.781304E+00  0.199911E+00
  0.433766E+01  0.993478E+00  0.200449E+00
  0.433993E+01  0.129087E+01  0.200449E+00
  0.434221E+01  0.151174E+01  0.201547E+00
  0.434449E+01  0.743913E+00  0.200826E+00
  0.434676E+01  0.664348E+00  0.200461E+00
  0.434904E+01  0.926522E+00  0.201071E+00
  0.435132E+01  0.880435E+00  0.201197E+00
  0.435359E+01  0.482609E+00  0.201045E+00
  0.435587E+01  0.435217E+00  0.200939E+00
  0.435815E+01  0.862609E+00  0.201345E+00
  0.436042E+01  0.120565E+01  0.201175E+00
  0.436270E+01  0.601304E+00  0.201366E+00
  0.436498E+01  0.612174E+00  0.200857E+00
  0.436725E+01  0.724348E+00  0.201754E+00
  0.436953E+01  0.370000E+00  0.201912E+00
  0.437181E+01  0.927826E+00  0.202153E+00
  0.437408E+01  0.927826E+00  0.201275E+00
  0.437636E+01  0.701739E+00  0.202006E+00
  0.437864E+01  0.518261E+00  0.202215E+00
  0.438091E+01  0.503913E+00  0.202336E+00
  0.438319E+01  0.123913E+01  0.202002E+00
  0.438546E+01  0.486087E+00  0.202558E+00
  0.438774E+01  0.541739E+00  0.202126E+00
  0.439002E+01  0.511304E+00  0.202379E+00
  0.439229E+01  0.573043E+00  0.202342E+00
  0.439457E+01  0.972174E+00  0.201929E+00
  0.439685E+01  0.103043E+01  0.203751E+00
  0.439912E+01  0.989565E+00  0.203063E+00
  0.440140E+01  0.823478E+00  0.203251E+00
  0.440368E+01  0.904783E+00  0.202226E+00
  0.440595E+01  0.609130E+00  0.202824E+00
  0.440823E+01  0.111870E+01  0.204133E+00
  0.441051E+01  0.101957E+01  0.203319E+00
  0.441278E+01  0.753478E+00  0.202815E+00
  0.441506E+01  0.108348E+01  0.203799E+00
  0.441734E+01  0.102696E+01  0.202946E+00
  0.441961E+01  0.120870E+01  0.204376E+00
  0.442189E+01  0.880435E+00  0.203625E+00
  0.442417E+01  0.114522E+01  0.203558E+00
  0.442644E+01  0.129913E+01  0.204449E+00
  0.442872E+01  0.118957E+01  0.204426E+00
  0.443100E+01  0.104522E+01  0.203796E+00
  0.443327E+01  0.791739E+00  0.203990E+00
  0.443555E+01  0.719565E+00  0.205093E+00
  0.443783E+01  0.932609E+00  0.205373E+00
  0.444010E+01  0.120870E+01  0.204625E+00
  0.444238E+01  0.276522E+00  0.204394E+00
  0.444466E+01  0.597391E+00  0.204636E+00
  0.444693E+01  0.709565E+00  0.204734E+00
  0.444921E+01  0.833913E+00  0.205584E+00
  0.445149E+01  0.811304E+00  0.204492E+00
  0.445376E+01  0.883478E+00  0.205688E+00
  0.445604E+01  0.706087E+00  0.205905E+00
  0.445832E+01  0.125478E+01  0.205769E+00
  0.446059E+01  0.110522E+01  0.205397E+00
  0.446287E+01  0.111261E+01  0.205773E+00
  0.446515E+01  0.950435E+00  0.205401E+00
  0.446742E+01  0.127043E+01  0.206611E+00
  0.446970E+01  0.125043E+01  0.206193E+00
  0.447198E+01  0.968261E+00  0.206303E+00
  0.447425E+01  0.463913E+00  0.206008E+00
  0.447653E+01  0.334783E+00  0.206648E+00
  0.447880E+01  0.787391E+00  0.206686E+00
  0.448108E+01  0.111087E+01  0.206264E+00
  0.448336E+01  0.729130E+00  0.206284E+00
  0.448563E+01  0.794348E+00  0.206585E+00
  0.448791E+01  0.777826E+00  0.206473E+00
  0.449019E+01  0.849565E+00  0.205927E+00
  0.449246E+01  0.124609E+01  0.207888E+00
  0.449474E+01  0.827826E+00  0.206826E+00
  0.449702E+01  0.669130E+00  0.208084E+00
  0.449929E+01  0.790000E+00  0.206939E+00
  0.450157E+01  0.601739E+00  0.206762E+00
  0.450385E+01  0.101913E+01  0.207347E+00
  0.450612E+01  0.816957E+00  0.208053E+00
  0.450840E+01  0.850000E+00  0.207692E+00
  0.451068E+01  0.130696E+01  0.208511E+00
  0.451295E+01  0.124739E+01  0.208449E+00
  0.451523E+01  0.898261E+00  0.208648E+00
  0.451751E+01  0.100478E+01  0.208105E+00
  0.451978E+01  0.842609E+00  0.207673E+00
  0.452206E+01  0.758696E+00  0.208757E+00
  0.452434E+01  0.372609E+00  0.208407E+00
  0.452661E+01  0.676957E+00  0.209271E+00
  0.452889E+01  0.786087E+00  0.207535E+00
  0.453117E+01  0.806957E+00  0.209032E+00
  0.453344E+01  0.873478E+00  0.208997E+00
  0.453572E+01  0.116217E+01  0.209790E+00
  0.453800E+01  0.789130E+00  0.208985E+00
  0.454027E+01  0.750000E+00  0.209385E+00
  0.454255E+01  0.689130E+00  0.209567E+00
  0.454483E+01  0.642174E+00  0.210065E+00
  0.454710E+01  0.901739E+00  0.209588E+00
  0.454938E+01  0.933043E+00  0.209626E+00
  0.455166E+01  0.810870E+00  0.210651E+00
  0.455393E+01  0.790435E+00  0.209766E+00
  0.455621E+01  0.776957E+00  0.210559E+00
  0.455849E+01  0.805652E+00  0.209354E+00
  0.456076E+01  0.703478E+00  0.210693E+00
  0.456304E+01  0.116435E+01  0.211840E+00
  0.456532E+01  0.844348E+00  0.211174E+00
  0.456759E+01  0.660870E+00  0.210868E+00
  0.456987E+01  0.403913E+00  0.211628E+00
  0.457214E+01  0.953043E+00  0.211630E+00
  0.457442E+01  0.923913E+00  0.212403E+00
  0.457670E+01  0.100000E+01  0.210263E+00
  0.457897E+01  0.919565E+00  0.211638E+00
  0.458125E+01  0.553478E+00  0.212161E+00
  0.458353E+01  0.960000E+00  0.212141E+00
  0.458580E+01  0.871304E+00  0.211893E+00
  0.458808E+01  0.732609E+00  0.211549E+00
  0.459036E+01  0.860435E+00  0.212847E+00
  0.459263E+01  0.855217E+00  0.213104E+00
  0.459491E+01  0.688696E+00  0.211886E+00
  0.459719E+01  0.103087E+01  0.212974E+00
  0.459946E+01  0.897391E+00  0.212767E+00
  0.460174E+01  0.910000E+00  0.213076E+00
  0.460402E+01  0.428696E+00  0.213386E+00
  0.460629E+01  0.934348E+00  0.213558E+00
  0.460857E+01  0.482174E+00  0.213486E+00
  0.461085E+01  0.875217E+00  0.213670E+00
  0.461312E+01  0.475652E+00  0.213343E+00
  0.461540E+01  0.592174E+00  0.214162E+00
  0.461768E+01  0.821739E+00  0.214026E+00
  0.461995E+01  0.816522E+00  0.214154E+00
  0.462223E+01  0.845217E+00  0.214920E+00
  0.462451E+01  0.797826E+00  0.215015E+00
  0.462678E+01  0.756957E+00  0.215159E+00
  0.462906E+01  0.546522E+00  0.214614E+00
  0.463134E+01  0.780435E+00  0.215237E+00
  0.463361E+01  0.954348E+00  0.215161E+00
  0.463589E+01  0.101043E+01  0.216017E+00
  0.463817E+01  0.819130E+00  0.215431E+00
  0.464044E+01  0.691304E+00  0.216097E+00
  0.464272E+01  0.596957E+00  0.215626E+00
  0.464500E+01  0.299130E+00  0.215991E+00
  0.464727E+01  0.469565E+00  0.216057E+00
  0.464955E+01  0.663043E+00  0.216484E+00
  0.465183E+01  0.638696E+00  0.216697E+00
  0.465410E+01  0.467826E+00  0.216368E+00
  0.465638E+01  0.580870E+00  0.217224E+00
  0.465866E+01  0.993913E+00  0.217319E+00
  0.466093E+01  0.783043E+00  0.217146E+00
  0.466321E+01  0.977391E+00  0.218296E+00
  0.466549E+01  0.100522E+01  0.217916E+00
  0.466776E+01  0.704783E+00  0.217491E+00
  0.467004E+01  0.976522E+00  0.217600E+00
  0.467231E+01  0.141348E+01  0.217909E+00
  0.467459E+01  0.745217E+00  0.218391E+00
  0.467687E+01  0.315652E+00  0.218308E+00
  0.467914E+01  0.862609E+00  0.219298E+00
  0.468142E+01  0.665652E+00  0.219639E+00
  0.468370E+01  0.152174E+00  0.217685E+00
  0.468597E+01  0.652174E+00  0.219563E+00
  0.468825E+01  0.888261E+00  0.218664E+00
  0.469053E+01  0.104913E+01  0.219621E+00
  0.469280E+01  0.847391E+00  0.220060E+00
  0.469508E+01  0.598261E+00  0.219684E+00
  0.469736E+01  0.597391E+00  0.220420E+00
  0.469963E+01  0.160870E+00  0.220190E+00
  0.470191E+01  0.442174E+00  0.220683E+00
  0.470419E+01  0.550870E+00  0.220997E+00
  0.470646E+01  0.479565E+00  0.220233E+00
  0.470874E+01  0.782609E+00  0.220995E+00
  0.471102E+01  0.676957E+00  0.221659E+00
  0.471329E+01  0.838261E+00  0.221017E+00
  0.471557E+01  0.952609E+00  0.222246E+00
  0.471785E+01  0.839130E+00  0.222285E+00
  0.472012E+01  0.650435E+00  0.222125E+00
  0.472240E+01  0.853913E+00  0.223026E+00
  0.472468E+01  0.980870E+00  0.221992E+00
  0.472695E+01  0.582609E+00  0.223061E+00
  0.472923E+01  0.460870E+00  0.223050E+00
  0.473151E+01  0.675217E+00  0.222768E+00
  0.473378E+01  0.127609E+01  0.224136E+00
  0.473606E+01  0.522174E+00  0.224062E+00
  0.473834E+01  0.458696E+00  0.223432E+00
  0.474061E+01  0.169130E+00  0.223347E+00
  0.474289E+01  0.818261E+00  0.223095E+00
  0.474517E+01  0.103565E+01  0.225326E+00
  0.474744E+01  0.777826E+00  0.224856E+00
  0.474972E+01  0.807391E+00  0.225158E+00
  0.475200E+01  0.503043E+00  0.225430E+00
  0.475427E+01  0.223478E+00  0.224540E+00
  0.475655E+01  0.647391E+00  0.226057E+00
  0.475883E+01  0.774348E+00  0.225949E+00
  0.476110E+01  0.541304E+00  0.225965E+00
  0.476338E+01  0.552609E+00  0.226560E+00
  0.476565E+01  0.443478E+00  0.226820E+00
  0.476793E+01  0.150739E+01  0.226912E+00
  0.477021E+01  0.111565E+01  0.227410E+00
  0.477248E+01  0.986087E+00  0.227364E+00
  0.477476E+01  0.878261E+00  0.227628E+00
  0.477704E+01  0.583913E+00  0.227872E+00
  0.477931E+01  0.790870E+00  0.227889E+00
  0.478159E+01  0.620870E+00  0.227597E+00
  0.478387E+01  0.374348E+00  0.228363E+00
  0.478614E+01  0.590000E+00  0.228897E+00
  0.478842E+01  0.845217E+00  0.229251E+00
  0.479070E+01  0.108478E+01  0.229733E+00
  0.479297E+01  0.576957E+00  0.230480E+00
  0.479525E+01  0.814348E+00  0.229425E+00
  0.479753E+01  0.882609E+00  0.229805E+00
  0.479980E+01  0.973913E+00  0.230496E+00
  0.480208E+01  0.107087E+01  0.230336E+00
  0.480436E+01  0.912609E+00  0.231141E+00
  0.480663E+01  0.606087E+00  0.231062E+00
  0.480891E+01  0.280870E+00  0.231619E+00
  0.481119E+01  0.124783E+00  0.231437E+00
  0.481346E+01  0.434783E+00  0.231240E+00
  0.481574E+01  0.586957E+00  0.232740E+00
  0.481802E+01  0.634783E+00  0.232565E+00
  0.482029E+01  0.616522E+00  0.232892E+00
  0.482257E+01  0.511304E+00  0.233327E+00
  0.482485E+01  0.422174E+00  0.232425E+00
  0.482712E+01  0.776522E+00  0.234161E+00
  0.482940E+01  0.590870E+00  0.233469E+00
  0.483168E+01  0.582609E+00  0.233941E+00
  0.483395E+01  0.108391E+01  0.235305E+00
  0.483623E+01  0.119565E+01  0.235670E+00
  0.483851E+01  0.506957E+00  0.234897E+00
  0.484078E+01  0.124565E+01  0.235715E+00
  0.484306E+01  0.118130E+01  0.236575E+00
  0.484534E+01  0.142304E+01  0.236859E+00
  0.484761E+01  0.102391E+01  0.236809E+00
  0.484989E+01  0.655217E+00  0.237193E+00
  0.485217E+01  0.666522E+00  0.237071E+00
  0.485444E+01  0.116348E+01  0.237969E+00
  0.485672E+01  0.774783E+00  0.237785E+00
  0.485899E+01  0.311739E+00  0.237898E+00
  0.486127E+01  0.745217E+00  0.239099E+00
  0.486355E+01  0.943043E+00  0.239093E+00
  0.486582E+01  0.105391E+01  0.240074E+00
  0.486810E+01  0.107652E+01  0.239843E+00
  0.487038E+01  0.959565E+00  0.239285E+00
  0.487265E+01  0.677391E+00  0.240352E+00
  0.487493E+01  0.115391E+01  0.240598E+00
  0.487721E+01  0.757826E+00  0.240654E+00
  0.487948E+01  0.900870E+00  0.241395E+00
  0.488176E+01  0.513478E+00  0.241670E+00
  0.488404E+01  0.589565E+00  0.242237E+00
  0.488631E+01  0.878696E+00  0.242444E+00
  0.488859E+01  0.906522E+00  0.242852E+00
  0.489087E+01  0.625217E+00  0.243537E+00
  0.489314E+01  0.116826E+01  0.243799E+00
  0.489542E+01  0.129913E+01  0.244314E+00
  0.489770E+01  0.110739E+01  0.244227E+00
  0.489997E+01  0.813043E+00  0.245461E+00
  0.490225E+01  0.829130E+00  0.245134E+00
  0.490453E+01  0.575217E+00  0.245759E+00
  0.490680E+01  0.583478E+00  0.244999E+00
  0.490908E+01  0.907826E+00  0.247336E+00
  0.491136E+01  0.100130E+01  0.246513E+00
  0.491363E+01  0.921739E+00  0.247290E+00
  0.491591E+01  0.650000E+00  0.247159E+00
  0.491819E+01  0.947826E+00  0.247941E+00
  0.492046E+01  0.109565E+01  0.248522E+00
  0.492274E+01  0.110174E+01  0.249310E+00
  0.492502E+01  0.882609E+00  0.248975E+00
  0.492729E+01  0.792609E+00  0.250266E+00
  0.492957E+01  0.721304E+00  0.251454E+00
  0.493185E+01  0.941304E+00  0.252226E+00
  0.493412E+01  0.115826E+01  0.253877E+00
  0.493640E+01  0.113435E+01  0.254951E+00
  0.493868E+01  0.680870E+00  0.255398E+00
  0.494095E+01  0.976957E+00  0.256558E+00
  0.494323E+01  0.634348E+00  0.257090E+00
  0.494551E+01  0.878261E+00  0.258636E+00
  0.494778E+01  0.818696E+00  0.260017E+00
  0.495006E+01  0.833913E+00  0.261810E+00
  0.495233E+01  0.888261E+00  0.262435E+00
  0.495461E+01  0.869565E+00  0.263576E+00
  0.495689E+01  0.709130E+00  0.265492E+00
  0.495916E+01  0.548696E+00  0.266518E+00
  0.496144E+01  0.713478E+00  0.267089E+00
  0.496372E+01  0.136478E+01  0.268612E+00
  0.496599E+01  0.171000E+01  0.271035E+00
  0.496827E+01  0.108217E+01  0.270510E+00
  0.497055E+01  0.840870E+00  0.272882E+00
  0.497282E+01  0.567391E+00  0.274970E+00
  0.497510E+01  0.876522E+00  0.276198E+00
  0.497738E+01  0.509130E+00  0.277700E+00
  0.497965E+01  0.907826E+00  0.279543E+00
  0.498193E+01  0.781304E+00  0.281332E+00
  0.498421E+01  0.296522E+00  0.282000E+00
  0.498648E+01  0.666522E+00  0.285307E+00
  0.498876E+01  0.739130E+00  0.286362E+00
  0.499104E+01  0.122913E+01  0.288175E+00
----------C:\Valeria\vang_036.dat-----------------------------
raw data file E:\data\Users2006\Perrakis.0906\vang_036.mar2300                  
Sample:     wt     c=2.3  mg/ml Code :                                          
X33 MAR345 data take                                                            
Start: Sat Sep 23 18:10:07 2006End: 18:14:31                                    
Processed by MAR-PRIMUS: Sat Sep 23 18:14:48 2006                               
 Channels from 1  to         2507                                               
 Angular axis file saxis_20060912.dat                                          
 BeamCenter_X=    2221.604       BeamCenter_Y=    1163.393                      
 Datector response file none Mask file mask_20060912_active.msk                 
 Mask file (shielded)mask_20060912_shield4.msk                                  
 MAR noise count:    12.14805                                                   
 Calibration channel            3                                               
 Scale factor   1000.00000000000       Offset    1000.00000000000               
----------C:\Valeria\Avrag00.dat-----------------------------
 Average of: vang_035.d  vang_037.d                                             
vang_035.dat  Conc = .10E+01  Mult = .10E+01  N1 =    1  N2 = 2156  SCALE =  1  
vang_037.dat  Conc = .10E+01  Mult = .10E+01  N1 =    1  N2 = 2156  SCALE =  1  
